MDP UTILITY     RANDOM UTILITY
-4219.0 -6695.0
-4915.0 -6670.0
-3526.0 -6750.0
-4196.0 -6661.0
-3390.0 -6750.0
-4588.0 -6654.0
-3699.0 -6527.0
-3209.0 -6750.0
-4906.0 -6695.0
-3618.0 -6662.0
-5431.0 -6750.0
-4463.0 -6738.0
-3060.0 -6595.0
-3843.0 -6640.0
-3516.0 -6695.0
-3725.0 -6398.0
-3829.0 -6741.0
-3513.0 -6640.0
-3434.0 -6750.0
-4617.0 -6750.0
-3622.0 -6622.0
-3384.0 -6695.0
-3759.0 -6646.0
MDP UTILITY     RANDOM UTILITY
-4048.0 -6750.0
-4279.0 -6658.0
-4540.0 -6697.0
-3899.0 -6653.0
-3838.0 -6516.0
-5250.0 -6750.0
-4315.0 -6750.0
-4338.0 -6750.0
-3121.0 -6612.0
-3060.0 -6750.0
-4015.0 -6659.0
-3472.0 -6695.0
-3159.0 -6579.0
-3928.0 -6639.0
-3950.0 -6640.0
-3743.0 -6695.0
-3630.0 -6695.0
-3795.0 -6614.0
-3854.0 -6750.0
-3722.0 -6750.0
-2453.0 -6600.0
-3743.0 -6700.0
-4258.0 -6750.0
-3053.0 -6750.0
-4508.0 -6695.0
-4243.0 -6640.0
-3108.0 -6750.0
-4583.0 -6692.0
-3626.0 -6695.0
-4827.0 -6568.0
-4362.0 -6666.0
-3591.0 -6695.0
-3226.0 -6506.0
-5012.0 -6695.0
-5262.0 -6750.0
-3765.0 -6640.0
-4107.0 -6509.0
-3878.0 -6576.0
-3408.0 -6662.0
-4262.0 -6526.0
-3104.0 -6615.0
-3913.0 -6750.0
-3925.0 -6750.0
-3227.0 -6715.0
-3902.0 -6668.0
-4051.0 -6640.0
-4848.0 -6581.0
-3807.0 -6750.0
-4040.0 -6750.0
-4030.0 -6695.0
0.199375867844
0.487456798553
2.63308811188
0.00159287452698
0.00222110748291
0.0040500164032
0.00493502616882
0.00655794143677
0.00892996788025
0.0114681720734
0.0133121013641
0.0168669223785
0.0196459293365
0.022873878479
0.0265779495239
0.0312860012054
0.0351638793945
0.0415990352631
0.0463628768921
0.0505530834198
0.0580921173096
0.0623779296875
0.126355886459
0.0772259235382
0.15079498291
0.166541814804
0.103312015533
0.172003984451
0.185842037201
0.187549829483
0.196017026901
0.212192058563
0.214632034302
0.22888302803
0.307413101196
0.255802154541
0.368562936783
0.357820034027
0.381784915924
0.330993175507
0.552541017532
0.334976911545
0.346789836884
0.316697120667
0.32840514183
0.3681640625
0.378522872925
0.380893945694
0.433687210083
0.492152929306
0.473625898361
0.458415031433
0.547482967377
