0 80.0
0.1 80.0
0.2 80.0
0.3 80.0
0.4 141.0
0.5 80.0
0.6 80.0
0.7 86.0
0.8 80.0
0.9 135.0
1.0 80.0
0 80.0
0.1 135.0
0.2 80.0
0.3 86.0
0.4 80.0
0.5 135.0
0.6 135.0
0.7 80.0
0.8 86.0
0.9 135.0
1.0 86.0
0 135.0
0.1 80.0
0.2 80.0
0.3 80.0
0.4 86.0
0.5 141.0
0.6 80.0
0.7 80.0
0.8 86.0
0.9 80.0
1.0 141.0
0 86.0
0.1 141.0
0.2 135.0
0.3 141.0
0.4 135.0
0.5 80.0
0.6 80.0
0.7 80.0
0.8 80.0
0.9 80.0
1.0 135.0
0 141.0
0.1 135.0
0.2 80.0
0.3 80.0
0.4 80.0
0.5 86.0
0.6 135.0
0.7 80.0
0.8 80.0
0.9 80.0
1.0 135.0
0 80.0
0.1 141.0
0.2 141.0
0.3 135.0
0.4 135.0
0.5 80.0
0.6 135.0
0.7 80.0
0.8 135.0
0.9 80.0
1.0 80.0
0 135.0
0.1 86.0
0.2 135.0
0.3 86.0
0.4 86.0
0.5 141.0
0.6 80.0
0.7 80.0
0.8 135.0
0.9 86.0
1.0 80.0
0 141.0
0.1 80.0
0.2 80.0
0.3 135.0
0.4 86.0
0.5 86.0
0.6 141.0
0.7 80.0
0.8 80.0
0.9 80.0
1.0 80.0
0 80.0
0.1 86.0
0.2 80.0
0.3 141.0
0.4 80.0
0.5 80.0
0.6 80.0
0.7 141.0
0.8 141.0
0.9 86.0
1.0 80.0
0 135.0
0.1 135.0
0.2 80.0
0.3 135.0
0.4 86.0
0.5 135.0
0.6 86.0
0.7 80.0
0.8 135.0
0.9 80.0
1.0 80.0
0 86.0
0.1 86.0
0.2 80.0
0.3 135.0
0.4 80.0
0.5 86.0
0.6 80.0
0.7 80.0
0.8 135.0
0.9 80.0
1.0 135.0
0 86.0
0.1 86.0
0.2 80.0
0.3 141.0
0.4 141.0
0.5 86.0
0.6 80.0
0.7 80.0
0.8 86.0
0.9 80.0
1.0 135.0
0 141.0
0.1 80.0
0.2 141.0
0.3 135.0
0.4 80.0
0.5 135.0
0.6 141.0
0.7 80.0
0.8 80.0
0.9 141.0
1.0 80.0
0 80.0
0.1 80.0
0.2 141.0
0.3 80.0
0.4 135.0
0.5 135.0
0.6 86.0
0.7 80.0
0.8 80.0
0.9 80.0
1.0 135.0
0 86.0
0.1 135.0
0.2 135.0
0.3 135.0
0.4 80.0
0.5 135.0
0.6 135.0
0.7 80.0
0.8 141.0
0.9 135.0
1.0 86.0
0 80.0
0.1 80.0
0.2 86.0
0.3 135.0
0.4 141.0
0.5 86.0
0.6 135.0
0.7 80.0
0.8 80.0
0.9 80.0
1.0 80.0
0 86.0
0.1 80.0
0.2 80.0
0.3 80.0
0.4 141.0
0.5 80.0
0.6 135.0
0.7 80.0
0.8 86.0
0.9 86.0
1.0 86.0
0 80.0
0.1 135.0
0.2 86.0
0.3 141.0
0.4 86.0
0.5 86.0
0.6 141.0
0.7 86.0
0.8 135.0
0.9 86.0
1.0 80.0
0 86.0
0.1 80.0
0.2 80.0
0.3 86.0
0.4 135.0
0.5 80.0
0.6 135.0
0.7 86.0
0.8 135.0
0.9 135.0
1.0 141.0
0 135.0
0.1 80.0
0.2 141.0
0.3 86.0
0.4 80.0
0.5 135.0
0.6 80.0
0.7 135.0
0.8 141.0
0.9 80.0
1.0 80.0
0 141.0
0.1 135.0
0.2 80.0
0.3 141.0
0.4 86.0
0.5 80.0
0.6 80.0
0.7 80.0
0.8 80.0
0.9 135.0
1.0 80.0
0 80.0
0.1 86.0
0.2 80.0
0.3 135.0
0.4 80.0
0.5 80.0
0.6 86.0
0.7 80.0
0.8 86.0
0.9 80.0
1.0 135.0
0 135.0
0.1 80.0
0.2 86.0
0.3 80.0
0.4 80.0
0.5 86.0
0.6 80.0
0.7 80.0
0.8 135.0
0.9 135.0
1.0 86.0
0 80.0
0.1 135.0
0.2 135.0
0.3 141.0
0.4 80.0
0.5 80.0
0.6 80.0
0.7 86.0
0.8 80.0
0.9 135.0
1.0 80.0
0 135.0
0.1 141.0
0.2 141.0
0.3 80.0
0.4 86.0
0.5 135.0
0.6 135.0
0.7 80.0
0.8 80.0
0.9 80.0
1.0 135.0
0 141.0
0.1 86.0
0.2 80.0
0.3 135.0
0.4 80.0
0.5 135.0
0.6 135.0
0.7 80.0
0.8 135.0
0.9 141.0
1.0 141.0
0 86.0
0.1 86.0
0.2 135.0
0.3 80.0
0.4 86.0
0.5 135.0
0.6 86.0
0.7 80.0
0.8 80.0
0.9 135.0
1.0 80.0
0 80.0
0.1 80.0
0.2 135.0
0.3 80.0
0.4 86.0
0.5 80.0
0.6 80.0
0.7 80.0
0.8 80.0
0.9 86.0
1.0 80.0
0 141.0
0.1 80.0
0.2 80.0
0.3 80.0
0.4 80.0
0.5 141.0
0.6 135.0
0.7 135.0
0.8 135.0
0.9 80.0
1.0 135.0
0 141.0
0.1 135.0
0.2 135.0
0.3 141.0
0.4 80.0
0.5 80.0
0.6 135.0
0.7 135.0
0.8 80.0
0.9 80.0
1.0 86.0
0 135.0
0.1 135.0
0.2 135.0
0.3 135.0
0.4 86.0
0.5 80.0
0.6 80.0
0.7 135.0
0.8 80.0
0.9 80.0
1.0 86.0
0 86.0
0.1 135.0
0.2 141.0
0.3 80.0
0.4 80.0
0.5 80.0
0.6 135.0
0.7 141.0
0.8 80.0
0.9 86.0
1.0 86.0
0 80.0
0.1 80.0
0.2 80.0
0.3 86.0
0.4 80.0
0.5 80.0
0.6 80.0
0.7 80.0
0.8 80.0
0.9 80.0
1.0 80.0
0 80.0
0.1 80.0
0.2 80.0
0.3 80.0
0.4 80.0
0.5 80.0
0.6 80.0
0.7 80.0
0.8 141.0
0.9 80.0
1.0 80.0
0 135.0
0.1 86.0
0.2 135.0
0.3 86.0
0.4 86.0
0.5 80.0
0.6 80.0
0.7 135.0
0.8 80.0
0.9 135.0
1.0 141.0
0 86.0
0.1 86.0
0.2 86.0
0.3 80.0
0.4 135.0
0.5 86.0
0.6 135.0
0.7 80.0
0.8 86.0
0.9 80.0
1.0 135.0
0 86.0
0.1 80.0
0.2 80.0
0.3 86.0
0.4 86.0
0.5 86.0
0.6 135.0
0.7 135.0
0.8 80.0
0.9 80.0
1.0 80.0
0 80.0
0.1 141.0
0.2 141.0
0.3 80.0
0.4 141.0
0.5 86.0
0.6 80.0
0.7 86.0
0.8 141.0
0.9 135.0
1.0 80.0
0 80.0
0.1 80.0
0.2 86.0
0.3 80.0
0.4 80.0
0.5 86.0
0.6 135.0
0.7 141.0
0.8 80.0
0.9 141.0
1.0 80.0
0 80.0
0.1 80.0
0.2 135.0
0.3 86.0
0.4 86.0
0.5 80.0
0.6 80.0
0.7 135.0
0.8 135.0
0.9 141.0
1.0 80.0
0 86.0
0.1 80.0
0.2 86.0
0.3 135.0
0.4 86.0
0.5 80.0
0.6 135.0
0.7 86.0
0.8 86.0
0.9 135.0
1.0 141.0
0 86.0
0.1 86.0
0.2 141.0
0.3 80.0
0.4 80.0
0.5 141.0
0.6 80.0
0.7 135.0
0.8 135.0
0.9 80.0
1.0 80.0
0 135.0
0.1 86.0
0.2 86.0
0.3 86.0
0.4 86.0
0.5 80.0
0.6 86.0
0.7 86.0
0.8 80.0
0.9 141.0
1.0 141.0
0 86.0
0.1 135.0
0.2 80.0
0.3 80.0
0.4 86.0
0.5 135.0
0.6 135.0
0.7 80.0
0.8 80.0
0.9 80.0
1.0 135.0
0 80.0
0.1 80.0
0.2 80.0
0.3 141.0
0.4 80.0
0.5 135.0
0.6 141.0
0.7 135.0
0.8 80.0
0.9 80.0
1.0 135.0
0 80.0
0.1 135.0
0.2 80.0
0.3 141.0
0.4 80.0
0.5 80.0
0.6 86.0
0.7 80.0
0.8 80.0
0.9 80.0
1.0 86.0
0 80.0
0.1 86.0
0.2 86.0
0.3 86.0
0.4 135.0
0.5 141.0
0.6 80.0
0.7 135.0
0.8 80.0
0.9 80.0
1.0 86.0
0 80.0
0.1 80.0
0.2 135.0
0.3 80.0
0.4 86.0
0.5 135.0
0.6 135.0
0.7 80.0
0.8 141.0
0.9 86.0
1.0 86.0
0 135.0
0.1 80.0
0.2 80.0
0.3 135.0
0.4 135.0
0.5 86.0
0.6 86.0
0.7 80.0
0.8 80.0
0.9 86.0
1.0 80.0
0 86.0
0.1 80.0
0.2 86.0
0.3 86.0
0.4 80.0
0.5 135.0
0.6 86.0
0.7 80.0
0.8 135.0
0.9 80.0
1.0 135.0
0 80.0
0.1 80.0
0.2 135.0
0.3 86.0
0.4 135.0
0.5 80.0
0.6 80.0
0.7 141.0
0.8 80.0
0.9 80.0
1.0 86.0
0 86.0
0.1 135.0
0.2 80.0
0.3 80.0
0.4 135.0
0.5 80.0
0.6 141.0
0.7 80.0
0.8 80.0
0.9 135.0
1.0 86.0
0 86.0
0.1 80.0
0.2 80.0
0.3 80.0
0.4 86.0
0.5 141.0
0.6 80.0
0.7 80.0
0.8 80.0
0.9 86.0
1.0 80.0
0 135.0
0.1 80.0
0.2 135.0
0.3 80.0
0.4 135.0
0.5 141.0
0.6 80.0
0.7 86.0
0.8 80.0
0.9 86.0
1.0 80.0
0 80.0
0.1 141.0
0.2 141.0
0.3 80.0
0.4 80.0
0.5 135.0
0.6 80.0
0.7 80.0
0.8 135.0
0.9 86.0
1.0 141.0
0 80.0
0.1 135.0
0.2 141.0
0.3 80.0
0.4 80.0
0.5 141.0
0.6 80.0
0.7 141.0
0.8 86.0
0.9 135.0
1.0 135.0
0 135.0
0.1 80.0
0.2 86.0
0.3 135.0
0.4 86.0
0.5 80.0
0.6 135.0
0.7 80.0
0.8 86.0
0.9 86.0
1.0 135.0
0 86.0
0.1 141.0
0.2 80.0
0.3 80.0
0.4 80.0
0.5 135.0
0.6 80.0
0.7 135.0
0.8 86.0
0.9 135.0
1.0 86.0
0 80.0
0.1 135.0
0.2 80.0
0.3 141.0
0.4 80.0
0.5 86.0
0.6 80.0
0.7 135.0
0.8 80.0
0.9 135.0
1.0 80.0
0 80.0
0.1 86.0
0.2 135.0
0.3 141.0
0.4 80.0
0.5 80.0
0.6 135.0
0.7 80.0
0.8 80.0
0.9 80.0
1.0 80.0
0 80.0
0.1 80.0
0.2 80.0
0.3 80.0
0.4 135.0
0.5 80.0
0.6 80.0
0.7 86.0
0.8 80.0
0.9 141.0
1.0 80.0
0 86.0
0.1 135.0
0.2 80.0
0.3 80.0
0.4 80.0
0.5 135.0
0.6 135.0
0.7 80.0
0.8 141.0
0.9 141.0
1.0 80.0
0 86.0
0.1 80.0
0.2 86.0
0.3 80.0
0.4 135.0
0.5 135.0
0.6 141.0
0.7 80.0
0.8 86.0
0.9 80.0
1.0 135.0
0 86.0
0.1 135.0
0.2 135.0
0.3 86.0
0.4 80.0
0.5 135.0
0.6 86.0
0.7 86.0
0.8 141.0
0.9 86.0
1.0 135.0
0 80.0
0.1 80.0
0.2 80.0
0.3 80.0
0.4 80.0
0.5 80.0
0.6 135.0
0.7 80.0
0.8 135.0
0.9 80.0
1.0 80.0
0 135.0
0.1 80.0
0.2 141.0
0.3 80.0
0.4 135.0
0.5 80.0
0.6 86.0
0.7 135.0
0.8 141.0
0.9 135.0
1.0 135.0
0 80.0
0.1 135.0
0.2 86.0
0.3 86.0
0.4 86.0
0.5 135.0
0.6 80.0
0.7 141.0
0.8 86.0
0.9 80.0
1.0 80.0
0 141.0
0.1 135.0
0.2 80.0
0.3 80.0
0.4 80.0
0.5 86.0
0.6 80.0
0.7 86.0
0.8 135.0
0.9 80.0
1.0 135.0
0 80.0
0.1 135.0
0.2 80.0
0.3 80.0
0.4 86.0
0.5 141.0
0.6 86.0
0.7 135.0
0.8 80.0
0.9 80.0
1.0 80.0
0 80.0
0.1 80.0
0.2 80.0
0.3 86.0
0.4 135.0
0.5 135.0
0.6 135.0
0.7 80.0
0.8 135.0
0.9 135.0
1.0 135.0
0 86.0
0.1 80.0
0.2 86.0
0.3 135.0
0.4 80.0
0.5 80.0
0.6 80.0
0.7 86.0
0.8 141.0
0.9 135.0
1.0 135.0
0 86.0
0.1 141.0
0.2 86.0
0.3 80.0
0.4 80.0
0.5 86.0
0.6 86.0
0.7 86.0
0.8 80.0
0.9 80.0
1.0 80.0
0 86.0
0.1 135.0
0.2 141.0
0.3 80.0
0.4 80.0
0.5 86.0
0.6 141.0
0.7 86.0
0.8 86.0
0.9 135.0
1.0 141.0
0 86.0
0.1 135.0
0.2 80.0
0.3 86.0
0.4 135.0
0.5 80.0
0.6 80.0
0.7 80.0
0.8 135.0
0.9 135.0
1.0 86.0
0 141.0
0.1 141.0
0.2 135.0
0.3 80.0
0.4 80.0
0.5 80.0
0.6 80.0
0.7 86.0
0.8 86.0
0.9 141.0
1.0 80.0
0 80.0
0.1 80.0
0.2 135.0
0.3 86.0
0.4 80.0
0.5 135.0
0.6 80.0
0.7 86.0
0.8 141.0
0.9 80.0
1.0 86.0
0 80.0
0.1 86.0
0.2 80.0
0.3 135.0
0.4 86.0
0.5 141.0
0.6 80.0
0.7 135.0
0.8 80.0
0.9 80.0
1.0 135.0
0 80.0
0.1 86.0
0.2 86.0
0.3 141.0
0.4 135.0
0.5 135.0
0.6 80.0
0.7 80.0
0.8 135.0
0.9 80.0
1.0 80.0
0 80.0
0.1 80.0
0.2 80.0
0.3 80.0
0.4 80.0
0.5 141.0
0.6 135.0
0.7 80.0
0.8 80.0
0.9 135.0
1.0 80.0
0 141.0
0.1 141.0
0.2 80.0
0.3 80.0
0.4 86.0
0.5 80.0
0.6 80.0
0.7 135.0
0.8 86.0
0.9 86.0
1.0 86.0
0 80.0
0.1 80.0
0.2 86.0
0.3 80.0
0.4 86.0
0.5 135.0
0.6 80.0
0.7 86.0
0.8 80.0
0.9 135.0
1.0 80.0
0 135.0
0.1 80.0
0.2 86.0
0.3 141.0
0.4 135.0
0.5 86.0
0.6 80.0
0.7 135.0
0.8 86.0
0.9 141.0
1.0 141.0
0 141.0
0.1 80.0
0.2 141.0
0.3 86.0
0.4 80.0
0.5 141.0
0.6 135.0
0.7 141.0
0.8 80.0
0.9 86.0
1.0 141.0
0 86.0
0.1 80.0
0.2 86.0
0.3 86.0
0.4 86.0
0.5 80.0
0.6 86.0
0.7 86.0
0.8 86.0
0.9 86.0
1.0 80.0
0 80.0
0.1 80.0
0.2 86.0
0.3 86.0
0.4 86.0
0.5 80.0
0.6 135.0
0.7 80.0
0.8 80.0
0.9 80.0
1.0 135.0
0 80.0
0.1 80.0
0.2 80.0
0.3 86.0
0.4 80.0
0.5 135.0
0.6 80.0
0.7 86.0
0.8 135.0
0.9 135.0
1.0 141.0
0 80.0
0.1 86.0
0.2 80.0
0.3 141.0
0.4 80.0
0.5 80.0
0.6 135.0
0.7 86.0
0.8 80.0
0.9 141.0
1.0 135.0
0 86.0
0.1 141.0
0.2 80.0
0.3 80.0
0.4 80.0
0.5 80.0
0.6 80.0
0.7 141.0
0.8 86.0
0.9 86.0
1.0 80.0
0 80.0
0.1 86.0
0.2 141.0
0.3 135.0
0.4 135.0
0.5 80.0
0.6 80.0
0.7 80.0
0.8 135.0
0.9 86.0
1.0 80.0
0 80.0
0.1 80.0
0.2 135.0
0.3 80.0
0.4 86.0
0.5 86.0
0.6 86.0
0.7 86.0
0.8 135.0
0.9 86.0
1.0 80.0
0 80.0
0.1 135.0
0.2 141.0
0.3 80.0
0.4 135.0
0.5 135.0
0.6 135.0
0.7 141.0
0.8 141.0
0.9 80.0
1.0 80.0
0 86.0
0.1 80.0
0.2 80.0
0.3 86.0
0.4 135.0
0.5 80.0
0.6 80.0
0.7 86.0
0.8 86.0
0.9 86.0
1.0 135.0
0 135.0
0.1 80.0
0.2 135.0
0.3 86.0
0.4 86.0
0.5 80.0
0.6 135.0
0.7 86.0
0.8 86.0
0.9 80.0
1.0 135.0
0 86.0
0.1 141.0
0.2 86.0
0.3 80.0
0.4 141.0
0.5 86.0
0.6 135.0
0.7 135.0
0.8 141.0
0.9 80.0
1.0 141.0
0 80.0
0.1 86.0
0.2 80.0
0.3 80.0
0.4 80.0
0.5 80.0
0.6 135.0
0.7 80.0
0.8 135.0
0.9 80.0
1.0 86.0
0 86.0
0.1 86.0
0.2 80.0
0.3 135.0
0.4 135.0
0.5 135.0
0.6 80.0
0.7 80.0
0.8 135.0
0.9 86.0
1.0 80.0
0 86.0
0.1 80.0
0.2 141.0
0.3 80.0
0.4 135.0
0.5 86.0
0.6 80.0
0.7 80.0
0.8 86.0
0.9 80.0
1.0 80.0
0 86.0
0.1 141.0
0.2 135.0
0.3 86.0
0.4 80.0
0.5 80.0
0.6 141.0
0.7 86.0
0.8 86.0
0.9 86.0
1.0 86.0
0 80.0
0.1 80.0
0.2 135.0
0.3 86.0
0.4 80.0
0.5 80.0
0.6 80.0
0.7 80.0
0.8 135.0
0.9 80.0
1.0 80.0
0 80.0
0.1 80.0
0.2 80.0
0.3 80.0
0.4 141.0
0.5 135.0
0.6 80.0
0.7 86.0
0.8 86.0
0.9 80.0
1.0 80.0
0 80.0
0.1 80.0
0.2 86.0
0.3 80.0
0.4 86.0
0.5 141.0
0.6 80.0
0.7 141.0
0.8 86.0
0.9 135.0
1.0 80.0
0 135.0
0.1 86.0
0.2 135.0
0.3 80.0
0.4 80.0
0.5 141.0
0.6 86.0
0.7 86.0
0.8 80.0
0.9 86.0
1.0 80.0
0 141.0
0.1 135.0
0.2 80.0
0.3 80.0
0.4 86.0
0.5 80.0
0.6 86.0
0.7 80.0
0.8 80.0
0.9 80.0
1.0 141.0
0 80.0
0.1 80.0
0.2 135.0
0.3 141.0
0.4 80.0
0.5 80.0
0.6 141.0
0.7 80.0
0.8 80.0
0.9 80.0
1.0 80.0
0 86.0
0.1 141.0
0.2 86.0
0.3 80.0
0.4 86.0
0.5 86.0
0.6 80.0
0.7 86.0
0.8 141.0
0.9 86.0
1.0 80.0
0 135.0
0.1 80.0
0.2 135.0
0.3 80.0
0.4 135.0
0.5 135.0
0.6 135.0
0.7 86.0
0.8 86.0
0.9 86.0
1.0 135.0
0 80.0
0.1 135.0
0.2 86.0
0.3 135.0
0.4 80.0
0.5 86.0
0.6 80.0
0.7 135.0
0.8 80.0
0.9 135.0
1.0 80.0
0 80.0
0.1 86.0
0.2 135.0
0.3 141.0
0.4 141.0
0.5 80.0
0.6 80.0
0.7 86.0
0.8 141.0
0.9 80.0
1.0 86.0
0 141.0
0.1 80.0
0.2 135.0
0.3 80.0
0.4 86.0
0.5 80.0
0.6 135.0
0.7 135.0
0.8 80.0
0.9 135.0
1.0 135.0
0 86.0
0.1 86.0
0.2 80.0
0.3 141.0
0.4 86.0
0.5 86.0
0.6 135.0
0.7 80.0
0.8 135.0
0.9 80.0
1.0 86.0
0 135.0
0.1 80.0
0.2 80.0
0.3 86.0
0.4 80.0
0.5 80.0
0.6 86.0
0.7 135.0
0.8 80.0
0.9 135.0
1.0 135.0
0 80.0
0.1 80.0
0.2 80.0
0.3 80.0
0.4 86.0
0.5 80.0
0.6 86.0
0.7 80.0
0.8 80.0
0.9 80.0
1.0 80.0
0 80.0
0.1 80.0
0.2 80.0
0.3 80.0
0.4 80.0
0.5 86.0
0.6 80.0
0.7 135.0
0.8 86.0
0.9 80.0
1.0 86.0
0 80.0
0.1 80.0
0.2 141.0
0.3 80.0
0.4 80.0
0.5 141.0
0.6 135.0
0.7 80.0
0.8 80.0
0.9 80.0
1.0 80.0
0 86.0
0.1 141.0
0.2 80.0
0.3 80.0
0.4 80.0
0.5 80.0
0.6 86.0
0.7 141.0
0.8 80.0
0.9 141.0
1.0 80.0
0 80.0
0.1 86.0
0.2 86.0
0.3 80.0
0.4 86.0
0.5 86.0
0.6 80.0
0.7 86.0
0.8 80.0
0.9 80.0
1.0 80.0
0 135.0
0.1 135.0
0.2 86.0
0.3 80.0
0.4 80.0
0.5 80.0
0.6 80.0
0.7 80.0
0.8 135.0
0.9 80.0
1.0 80.0
0 80.0
0.1 86.0
0.2 135.0
0.3 86.0
0.4 141.0
0.5 141.0
0.6 86.0
0.7 80.0
0.8 135.0
0.9 86.0
1.0 80.0
0 86.0
0.1 80.0
0.2 86.0
0.3 86.0
0.4 80.0
0.5 80.0
0.6 80.0
0.7 86.0
0.8 80.0
0.9 86.0
1.0 86.0
0 80.0
0.1 86.0
0.2 80.0
0.3 86.0
0.4 86.0
0.5 80.0
0.6 80.0
0.7 86.0
0.8 86.0
0.9 80.0
1.0 80.0
0 141.0
0.1 135.0
0.2 80.0
0.3 80.0
0.4 135.0
0.5 135.0
0.6 86.0
0.7 80.0
0.8 80.0
0.9 141.0
1.0 141.0
0 80.0
0.1 80.0
0.2 80.0
0.3 80.0
0.4 80.0
0.5 141.0
0.6 141.0
0.7 135.0
0.8 80.0
0.9 135.0
1.0 80.0
0 141.0
0.1 86.0
0.2 80.0
0.3 80.0
0.4 135.0
0.5 86.0
0.6 86.0
0.7 80.0
0.8 141.0
0.9 80.0
1.0 135.0
0 141.0
0.1 80.0
0.2 86.0
0.3 86.0
0.4 80.0
0.5 135.0
0.6 80.0
0.7 80.0
0.8 80.0
0.9 86.0
1.0 86.0
0 80.0
0.1 135.0
0.2 135.0
0.3 86.0
0.4 80.0
0.5 86.0
0.6 80.0
0.7 135.0
0.8 80.0
0.9 80.0
1.0 86.0
0 135.0
0.1 80.0
0.2 86.0
0.3 135.0
0.4 86.0
0.5 80.0
0.6 135.0
0.7 86.0
0.8 135.0
0.9 80.0
1.0 80.0
0 80.0
0.1 80.0
0.2 80.0
0.3 141.0
0.4 135.0
0.5 80.0
0.6 80.0
0.7 86.0
0.8 86.0
0.9 135.0
1.0 86.0
0 86.0
0.1 86.0
0.2 80.0
0.3 80.0
0.4 80.0
0.5 80.0
0.6 80.0
0.7 141.0
0.8 80.0
0.9 80.0
1.0 80.0
0 135.0
0.1 86.0
0.2 141.0
0.3 141.0
0.4 141.0
0.5 80.0
0.6 135.0
0.7 80.0
0.8 135.0
0.9 141.0
1.0 86.0
0 80.0
0.1 80.0
0.2 80.0
0.3 80.0
0.4 86.0
0.5 80.0
0.6 80.0
0.7 80.0
0.8 135.0
0.9 141.0
1.0 86.0
0 80.0
0.1 135.0
0.2 135.0
0.3 80.0
0.4 80.0
0.5 135.0
0.6 86.0
0.7 86.0
0.8 80.0
0.9 86.0
1.0 80.0
0 135.0
0.1 135.0
0.2 86.0
0.3 135.0
0.4 86.0
0.5 80.0
0.6 80.0
0.7 135.0
0.8 80.0
0.9 80.0
1.0 80.0
0 135.0
0.1 80.0
0.2 80.0
0.3 80.0
0.4 141.0
0.5 86.0
0.6 135.0
0.7 80.0
0.8 80.0
0.9 141.0
1.0 80.0
0 80.0
0.1 141.0
0.2 80.0
0.3 86.0
0.4 135.0
0.5 135.0
0.6 135.0
0.7 80.0
0.8 86.0
0.9 135.0
1.0 141.0
0 86.0
0.1 80.0
0.2 80.0
0.3 141.0
0.4 80.0
0.5 80.0
0.6 86.0
0.7 80.0
0.8 135.0
0.9 141.0
1.0 86.0
0 80.0
0.1 141.0
0.2 80.0
0.3 80.0
0.4 80.0
0.5 135.0
0.6 135.0
0.7 80.0
0.8 135.0
0.9 86.0
1.0 86.0
0 86.0
0.1 135.0
0.2 80.0
0.3 80.0
0.4 141.0
0.5 80.0
0.6 80.0
0.7 135.0
0.8 141.0
0.9 135.0
1.0 80.0
0 80.0
0.1 135.0
0.2 135.0
0.3 80.0
0.4 80.0
0.5 135.0
0.6 80.0
0.7 135.0
0.8 86.0
0.9 141.0
1.0 135.0
0 86.0
0.1 141.0
0.2 86.0
0.3 80.0
0.4 86.0
0.5 80.0
0.6 80.0
0.7 80.0
0.8 86.0
0.9 80.0
1.0 80.0
0 86.0
0.1 80.0
0.2 141.0
0.3 80.0
0.4 141.0
0.5 80.0
0.6 80.0
0.7 80.0
0.8 80.0
0.9 80.0
1.0 80.0
0 135.0
0.1 86.0
0.2 135.0
0.3 80.0
0.4 80.0
0.5 135.0
0.6 80.0
0.7 141.0
0.8 80.0
0.9 86.0
1.0 80.0
0 135.0
0.1 86.0
0.2 141.0
0.3 135.0
0.4 135.0
0.5 80.0
0.6 135.0
0.7 135.0
0.8 80.0
0.9 86.0
1.0 80.0
0 135.0
0.1 141.0
0.2 135.0
0.3 141.0
0.4 135.0
0.5 80.0
0.6 80.0
0.7 80.0
0.8 80.0
0.9 135.0
1.0 86.0
0 86.0
0.1 80.0
0.2 141.0
0.3 86.0
0.4 80.0
0.5 80.0
0.6 141.0
0.7 135.0
0.8 141.0
0.9 135.0
1.0 80.0
0 141.0
0.1 86.0
0.2 80.0
0.3 141.0
0.4 80.0
0.5 80.0
0.6 80.0
0.7 80.0
0.8 141.0
0.9 80.0
1.0 80.0
0 80.0
0.1 135.0
0.2 80.0
0.3 141.0
0.4 80.0
0.5 135.0
0.6 86.0
0.7 80.0
0.8 141.0
0.9 80.0
1.0 86.0
0 80.0
0.1 80.0
0.2 135.0
0.3 135.0
0.4 86.0
0.5 86.0
0.6 135.0
0.7 80.0
0.8 86.0
0.9 141.0
1.0 80.0
0 80.0
0.1 80.0
0.2 86.0
0.3 80.0
0.4 80.0
0.5 86.0
0.6 86.0
0.7 86.0
0.8 80.0
0.9 135.0
1.0 141.0
0 80.0
0.1 86.0
0.2 86.0
0.3 86.0
0.4 86.0
0.5 80.0
0.6 80.0
0.7 135.0
0.8 135.0
0.9 141.0
1.0 80.0
0 80.0
0.1 80.0
0.2 141.0
0.3 80.0
0.4 86.0
0.5 80.0
0 135.0
0.1 135.0
0.2 86.0
0.3 80.0
0.4 141.0
0.5 135.0
0.6 80.0
0.7 86.0
0.8 80.0
0.9 135.0
1.0 80.0
0 135.0
0.1 80.0
0.2 80.0
0.3 141.0
0.4 135.0
0.5 80.0
0.6 135.0
0.7 80.0
0.8 135.0
0.9 86.0
1.0 80.0
0 86.0
0.1 80.0
0.2 80.0
0.3 141.0
0.4 80.0
0.5 86.0
0.6 135.0
0.7 80.0
0.8 80.0
0.9 80.0
1.0 80.0
0 80.0
0.1 86.0
0.2 135.0
0.3 80.0
0.4 86.0
0.5 80.0
0.6 86.0
0.7 80.0
0.8 86.0
0.9 80.0
1.0 135.0
0 80.0
0.1 80.0
0.2 141.0
0.3 141.0
0.4 80.0
0.5 141.0
0.6 80.0
0.7 80.0
0.8 135.0
0.9 135.0
1.0 80.0
0 135.0
0.1 80.0
0.2 135.0
0.3 80.0
0.4 80.0
0.5 141.0
0.6 80.0
0.7 135.0
0.8 80.0
0.9 80.0
1.0 80.0
0 80.0
0.1 141.0
0.2 80.0
0.3 80.0
0.4 86.0
0.5 86.0
0.6 80.0
0.7 86.0
0.8 86.0
0.9 86.0
1.0 141.0
0 86.0
0.1 80.0
0.2 80.0
0.3 141.0
0.4 135.0
0.5 80.0
0.6 86.0
0.7 86.0
0.8 86.0
0.9 80.0
1.0 86.0
0 80.0
0.1 86.0
0.2 86.0
0.3 135.0
0.4 86.0
0.5 135.0
0.6 141.0
0.7 135.0
0.8 86.0
0.9 135.0
1.0 80.0
0 141.0
0.1 135.0
0.2 80.0
0.3 80.0
0.4 80.0
0.5 86.0
0.6 141.0
0.7 80.0
0.8 86.0
0.9 135.0
1.0 86.0
0 80.0
0.1 80.0
0.2 141.0
0.3 80.0
0.4 135.0
0.5 135.0
0.6 80.0
0.7 80.0
0.8 135.0
0.9 80.0
1.0 86.0
0 80.0
0.1 86.0
0.2 135.0
0.3 80.0
0.4 86.0
0.5 86.0
0.6 135.0
0.7 135.0
0.8 135.0
0.9 86.0
1.0 135.0
0 135.0
0.1 135.0
0.2 141.0
0.3 135.0
0.4 80.0
0.5 80.0
0.6 80.0
0.7 80.0
0.8 80.0
0.9 86.0
1.0 80.0
0 135.0
0.1 80.0
0.2 86.0
0.3 135.0
0.4 80.0
0.5 80.0
0.6 86.0
0.7 80.0
0.8 80.0
0.9 80.0
1.0 80.0
0 141.0
0.1 80.0
0.2 86.0
0.3 80.0
0.4 141.0
0.5 80.0
0.6 86.0
0.7 135.0
0.8 86.0
0.9 86.0
1.0 135.0
0 135.0
0.1 86.0
0.2 135.0
0.3 135.0
0.4 86.0
0.5 80.0
0.6 80.0
0.7 135.0
0.8 80.0
0.9 141.0
1.0 80.0
0 141.0
0.1 80.0
0.2 86.0
0.3 80.0
0.4 80.0
0.5 135.0
0.6 80.0
0.7 86.0
0.8 80.0
0.9 80.0
1.0 135.0
0 80.0
0.1 80.0
0.2 80.0
0.3 135.0
0.4 135.0
0.5 86.0
0.6 80.0
0.7 135.0
0.8 80.0
0.9 80.0
1.0 80.0
0 86.0
0.1 135.0
0.2 80.0
0.3 80.0
0.4 86.0
0.5 86.0
0.6 141.0
0.7 141.0
0.8 80.0
0.9 86.0
1.0 80.0
0 141.0
0.1 80.0
0.2 86.0
0.3 141.0
0.4 141.0
0.5 80.0
0.6 80.0
0.7 86.0
0.8 80.0
0.9 80.0
1.0 80.0
0 80.0
0.1 141.0
0.2 80.0
0.3 141.0
0.4 80.0
0.5 80.0
0.6 135.0
0.7 135.0
0.8 141.0
0.9 135.0
1.0 86.0
0 80.0
0.1 80.0
0.2 86.0
0.3 86.0
0.4 135.0
0.5 80.0
0.6 135.0
0.7 80.0
0.8 80.0
0.9 80.0
1.0 80.0
0 80.0
0.1 80.0
0.2 86.0
0.3 80.0
0.4 80.0
0.5 80.0
0.6 135.0
0.7 135.0
0.8 86.0
0.9 86.0
1.0 86.0
0 80.0
0.1 80.0
0.2 141.0
0.3 80.0
0.4 80.0
0.5 80.0
0.6 135.0
0.7 141.0
0.8 80.0
0.9 141.0
1.0 80.0
0 86.0
0.1 141.0
0.2 80.0
0.3 135.0
0.4 86.0
0.5 80.0
0.6 141.0
0.7 80.0
0.8 80.0
0.9 141.0
1.0 141.0
0 80.0
0.1 141.0
0.2 141.0
0.3 80.0
0.4 86.0
0.5 141.0
0.6 80.0
0.7 80.0
0.8 86.0
0.9 86.0
1.0 135.0
0 141.0
0.1 135.0
0.2 141.0
0.3 86.0
0.4 141.0
0.5 80.0
0.6 141.0
0.7 86.0
0.8 80.0
0.9 141.0
1.0 80.0
0 141.0
0.1 86.0
0.2 80.0
0.3 141.0
0.4 86.0
0.5 80.0
0.6 80.0
0.7 86.0
0.8 80.0
0.9 80.0
1.0 86.0
0 80.0
0.1 80.0
0.2 80.0
0.3 80.0
0.4 80.0
0.5 135.0
0.6 135.0
0.7 80.0
0.8 80.0
0.9 135.0
1.0 80.0
0 135.0
0.1 80.0
0.2 80.0
0.3 135.0
0.4 141.0
0.5 80.0
0.6 135.0
0.7 80.0
0.8 86.0
0.9 80.0
1.0 135.0
0 141.0
0.1 80.0
0.2 135.0
0.3 86.0
0.4 80.0
0.5 141.0
0.6 80.0
0.7 135.0
0.8 80.0
0.9 135.0
1.0 135.0
0 135.0
0.1 80.0
0.2 80.0
0.3 80.0
0.4 135.0
0.5 80.0
0.6 135.0
0.7 86.0
0.8 80.0
0.9 141.0
1.0 80.0
0 86.0
0.1 141.0
0.2 80.0
0.3 141.0
0.4 80.0
0.5 135.0
0.6 135.0
0.7 141.0
0.8 86.0
0.9 80.0
1.0 80.0
0 135.0
0.1 80.0
0.2 135.0
0.3 86.0
0.4 80.0
0.5 86.0
0.6 80.0
0.7 80.0
0.8 135.0
0.9 135.0
1.0 135.0
0 135.0
0.1 80.0
0.2 86.0
0.3 86.0
0.4 135.0
0.5 135.0
0.6 80.0
0.7 141.0
0.8 86.0
0.9 80.0
1.0 86.0
0 80.0
0.1 80.0
0.2 80.0
0.3 135.0
0.4 80.0
0.5 80.0
0.6 141.0
0.7 86.0
0.8 80.0
0.9 80.0
1.0 80.0
0 80.0
0.1 135.0
0.2 80.0
0.3 80.0
0.4 80.0
0.5 80.0
0.6 86.0
0.7 135.0
0.8 80.0
0.9 86.0
1.0 86.0
0 80.0
0.1 135.0
0.2 141.0
0.3 80.0
0.4 135.0
0.5 135.0
0.6 80.0
0.7 141.0
0.8 141.0
0.9 80.0
1.0 86.0
0 86.0
0.1 141.0
0.2 80.0
0.3 80.0
0.4 141.0
0.5 135.0
0.6 80.0
0.7 80.0
0.8 80.0
0.9 141.0
1.0 135.0
0 80.0
0.1 80.0
0.2 80.0
0.3 80.0
0.4 80.0
0.5 86.0
0.6 141.0
0.7 86.0
0.8 135.0
0.9 86.0
1.0 86.0
0 135.0
0.1 135.0
0.2 80.0
0.3 135.0
0.4 80.0
0.5 80.0
0.6 80.0
0.7 86.0
0.8 80.0
0.9 80.0
1.0 135.0
0 135.0
0.1 80.0
0.2 86.0
0.3 141.0
0.4 80.0
0.5 80.0
0.6 86.0
0.7 86.0
0.8 135.0
0.9 80.0
1.0 141.0
0 80.0
0.1 80.0
0.2 80.0
0.3 141.0
0.4 86.0
0.5 80.0
0.6 80.0
0.7 86.0
0.8 135.0
0.9 80.0
1.0 141.0
0 80.0
0.1 80.0
0.2 80.0
0.3 141.0
0.4 86.0
0.5 135.0
0.6 80.0
0.7 80.0
0.8 86.0
0.9 135.0
1.0 135.0
0 80.0
0.1 141.0
0.2 80.0
0.3 80.0
0.4 86.0
0.5 80.0
0.6 80.0
0.7 80.0
0.8 135.0
0.9 86.0
1.0 135.0
0 141.0
0.1 141.0
0.2 80.0
0.3 86.0
0.4 86.0
0.5 135.0
0.6 80.0
0.7 80.0
0.8 80.0
0.9 80.0
1.0 80.0
0 141.0
0.1 80.0
0.2 141.0
0.3 141.0
0.4 135.0
0.5 141.0
0.6 80.0
0.7 135.0
0.8 141.0
0.9 80.0
1.0 135.0
0 86.0
0.1 135.0
0.2 80.0
0.3 80.0
0.4 135.0
0.5 141.0
0.6 80.0
0.7 80.0
0.8 141.0
0.9 80.0
1.0 80.0
0 135.0
0.1 80.0
0.2 86.0
0.3 80.0
0.4 135.0
0.5 80.0
0.6 135.0
0.7 86.0
0.8 141.0
0.9 86.0
1.0 141.0
0 80.0
0.1 86.0
0.2 86.0
0.3 135.0
0.4 86.0
0.5 135.0
0.6 80.0
0.7 86.0
0.8 80.0
0.9 86.0
1.0 80.0
0 80.0
0.1 80.0
0.2 86.0
0.3 80.0
0.4 86.0
0.5 135.0
0.6 135.0
0.7 80.0
0.8 135.0
0.9 141.0
1.0 141.0
0 135.0
0.1 80.0
0.2 80.0
0.3 86.0
0.4 135.0
0.5 80.0
0.6 86.0
0.7 80.0
0.8 86.0
0.9 80.0
1.0 135.0
0 141.0
0.1 80.0
0.2 86.0
0.3 141.0
0.4 141.0
0.5 86.0
0.6 141.0
0.7 80.0
0.8 80.0
0.9 80.0
1.0 80.0
0 135.0
0.1 80.0
0.2 80.0
0.3 86.0
0.4 86.0
0.5 80.0
0.6 80.0
0.7 80.0
0.8 80.0
0.9 80.0
1.0 80.0
0 80.0
0.1 86.0
0.2 80.0
0.3 80.0
0.4 135.0
0.5 86.0
0.6 135.0
0.7 80.0
0.8 80.0
0.9 86.0
1.0 135.0
0 135.0
0.1 80.0
0.2 80.0
0.3 141.0
0.4 86.0
0.5 141.0
0.6 80.0
0.7 86.0
0.8 86.0
0.9 86.0
1.0 80.0
0 141.0
0.1 141.0
0.2 80.0
0.3 135.0
0.4 135.0
0.5 80.0
0.6 141.0
0.7 80.0
0.8 135.0
0.9 80.0
1.0 80.0
0 86.0
0.1 80.0
0.2 135.0
0.3 135.0
0.4 135.0
0.5 135.0
0.6 86.0
0.7 80.0
0.8 86.0
0.9 86.0
1.0 141.0
0 135.0
0.1 80.0
0.2 86.0
0.3 80.0
0.4 80.0
0.5 80.0
0.6 135.0
0.7 135.0
0.8 135.0
0.9 86.0
1.0 80.0
0 135.0
0.1 135.0
0.2 80.0
0.3 141.0
0.4 80.0
0.5 80.0
0.6 80.0
0.7 141.0
0.8 141.0
0.9 80.0
1.0 80.0
0 80.0
0.1 135.0
0.2 135.0
0.3 141.0
0.4 141.0
0.5 86.0
0.6 86.0
0.7 135.0
0.8 80.0
0.9 141.0
1.0 135.0
0 86.0
0.1 80.0
0.2 80.0
0.3 80.0
0.4 135.0
0.5 86.0
0.6 141.0
0.7 86.0
0.8 80.0
0.9 80.0
1.0 86.0
0 86.0
0.1 135.0
0.2 86.0
0.3 86.0
0.4 135.0
0.5 86.0
0.6 80.0
0.7 80.0
0.8 80.0
0.9 141.0
1.0 80.0
0 86.0
0.1 135.0
0.2 135.0
0.3 135.0
0.4 135.0
0.5 135.0
0.6 135.0
0.7 86.0
0.8 135.0
0.9 80.0
1.0 86.0
0 141.0
0.1 80.0
0.2 80.0
0.3 80.0
0.4 86.0
0.5 80.0
0.6 80.0
0.7 86.0
0.8 80.0
0.9 80.0
1.0 135.0
0 86.0
0.1 141.0
0.2 135.0
0.3 135.0
0.4 80.0
0.5 135.0
0.6 80.0
0.7 86.0
0.8 80.0
0.9 80.0
1.0 135.0
0 80.0
0.1 80.0
0.2 80.0
0.3 80.0
0.4 86.0
0.5 135.0
0.6 80.0
0.7 135.0
0.8 86.0
0.9 86.0
1.0 135.0
0 86.0
0.1 86.0
0.2 135.0
0.3 135.0
0.4 135.0
0.5 86.0
0.6 80.0
0.7 80.0
0.8 80.0
0.9 135.0
1.0 86.0
0 80.0
0.1 80.0
0.2 80.0
0.3 141.0
0.4 80.0
0.5 135.0
0.6 141.0
0.7 135.0
0.8 135.0
0.9 80.0
1.0 80.0
0 80.0
0.1 141.0
0.2 80.0
0.3 135.0
0.4 80.0
0.5 80.0
0.6 80.0
0.7 86.0
0.8 80.0
0.9 135.0
1.0 135.0
0 80.0
0.1 80.0
0.2 135.0
0.3 141.0
0.4 80.0
0.5 80.0
0.6 80.0
0.7 80.0
0.8 135.0
0.9 141.0
1.0 135.0
0 86.0
0.1 141.0
0.2 86.0
0.3 80.0
0.4 135.0
0.5 80.0
0.6 86.0
0.7 80.0
0.8 80.0
0.9 86.0
1.0 141.0
0 80.0
0.1 86.0
0.2 86.0
0.3 135.0
0.4 135.0
0.5 80.0
0.6 80.0
0.7 80.0
0.8 135.0
0.9 80.0
1.0 141.0
0 141.0
0.1 86.0
0.2 80.0
0.3 135.0
0.4 141.0
0.5 141.0
0.6 135.0
0.7 80.0
0.8 80.0
0.9 135.0
1.0 80.0
0 135.0
0.1 135.0
0.2 135.0
0.3 141.0
0.4 86.0
0.5 86.0
0.6 86.0
0.7 80.0
0.8 86.0
0.9 80.0
1.0 80.0
0 135.0
0.1 80.0
0.2 135.0
0.3 141.0
0.4 80.0
0.5 80.0
0.6 80.0
0.7 135.0
0.8 135.0
0.9 86.0
1.0 135.0
0 80.0
0.1 135.0
0.2 80.0
0.3 135.0
0.4 86.0
0.5 86.0
0.6 80.0
0.7 135.0
0.8 80.0
0.9 80.0
1.0 80.0
0 141.0
0.1 80.0
0.2 80.0
0.3 135.0
0.4 86.0
0.5 86.0
0.6 135.0
0.7 135.0
0.8 141.0
0.9 141.0
1.0 86.0
0 80.0
0.1 86.0
0.2 141.0
0.3 141.0
0.4 86.0
0.5 80.0
0.6 80.0
0.7 86.0
0.8 86.0
0.9 80.0
1.0 135.0
0 86.0
0.1 80.0
0.2 80.0
0.3 141.0
0.4 80.0
0.5 135.0
0.6 80.0
0.7 135.0
0.8 135.0
0.9 80.0
1.0 80.0
0 135.0
0.1 141.0
0.2 80.0
0.3 80.0
0.4 80.0
0.5 80.0
0.6 135.0
0.7 86.0
0.8 86.0
0.9 141.0
1.0 86.0
0 86.0
0.1 80.0
0.2 86.0
0.3 86.0
0.4 141.0
0.5 80.0
0.6 86.0
0.7 141.0
0.8 80.0
0.9 141.0
1.0 86.0
0 135.0
0.1 80.0
0.2 135.0
0.3 141.0
0.4 135.0
0.5 135.0
0.6 86.0
0.7 86.0
0.8 80.0
0.9 141.0
1.0 80.0
0 80.0
0.1 86.0
0.2 80.0
0.3 80.0
0.4 141.0
0.5 86.0
0.6 86.0
0.7 86.0
0.8 80.0
0.9 80.0
1.0 86.0
0 86.0
0.1 135.0
0.2 135.0
0.3 80.0
0.4 80.0
0.5 135.0
0.6 135.0
0.7 135.0
0.8 80.0
0.9 80.0
1.0 135.0
0 86.0
0.1 86.0
0.2 86.0
0.3 80.0
0.4 80.0
0.5 80.0
0.6 86.0
0.7 80.0
0.8 80.0
0.9 135.0
1.0 80.0
0 86.0
0.1 135.0
0.2 141.0
0.3 80.0
0.4 86.0
0.5 80.0
0.6 80.0
0.7 80.0
0.8 86.0
0.9 86.0
1.0 80.0
0 135.0
0.1 80.0
0.2 80.0
0.3 80.0
0.4 80.0
0.5 80.0
0.6 86.0
0.7 141.0
0.8 135.0
0.9 80.0
1.0 80.0
0 86.0
0.1 135.0
0.2 141.0
0.3 86.0
0.4 80.0
0.5 80.0
0.6 141.0
0.7 80.0
0.8 80.0
0.9 80.0
1.0 80.0
0 135.0
0.1 135.0
0.2 135.0
0.3 80.0
0.4 80.0
0.5 135.0
0.6 80.0
0.7 135.0
0.8 135.0
0.9 80.0
1.0 80.0
0 86.0
0.1 135.0
0.2 141.0
0.3 135.0
0.4 141.0
0.5 80.0
0.6 86.0
0.7 86.0
0.8 80.0
0.9 80.0
1.0 86.0
0 80.0
0.1 80.0
0.2 86.0
0.3 86.0
0.4 86.0
0.5 80.0
0.6 135.0
0.7 135.0
0.8 80.0
0.9 80.0
1.0 141.0
0 86.0
0.1 80.0
0.2 135.0
0.3 86.0
0.4 135.0
0.5 86.0
0.6 80.0
0.7 80.0
0.8 86.0
0.9 86.0
1.0 80.0
0 141.0
0.1 86.0
0.2 135.0
0.3 135.0
0.4 80.0
0.5 80.0
0.6 80.0
0.7 135.0
0.8 135.0
0.9 141.0
1.0 80.0
0 141.0
0.1 135.0
0.2 80.0
0.3 80.0
0.4 80.0
0.5 86.0
0.6 86.0
0.7 86.0
0.8 86.0
0.9 80.0
1.0 135.0
0 80.0
0.1 80.0
0.2 80.0
0.3 135.0
0.4 80.0
0.5 135.0
0.6 80.0
0.7 86.0
0.8 135.0
0.9 86.0
1.0 80.0
0 80.0
0.1 141.0
0.2 80.0
0.3 135.0
0.4 135.0
0.5 86.0
0.6 141.0
0.7 86.0
0.8 80.0
0.9 135.0
1.0 80.0
0 86.0
0.1 80.0
0.2 141.0
0.3 80.0
0.4 80.0
0.5 80.0
0.6 80.0
0.7 80.0
0.8 141.0
0.9 86.0
1.0 80.0
0 86.0
0.1 86.0
0.2 135.0
0.3 135.0
0.4 80.0
0.5 80.0
0.6 135.0
0.7 80.0
0.8 86.0
0.9 86.0
1.0 141.0
0 80.0
0.1 135.0
0.2 135.0
0.3 80.0
0.4 80.0
0.5 80.0
0.6 86.0
0.7 80.0
0.8 80.0
0.9 80.0
1.0 80.0
0 135.0
0.1 80.0
0.2 86.0
0.3 141.0
0.4 80.0
0.5 80.0
0.6 86.0
0.7 135.0
0.8 135.0
0.9 80.0
1.0 135.0
0 86.0
0.1 80.0
0.2 80.0
0.3 80.0
0.4 135.0
0.5 86.0
0.6 80.0
0.7 80.0
0.8 135.0
0.9 141.0
1.0 80.0
0 80.0
0.1 135.0
0.2 80.0
0.3 80.0
0.4 141.0
0.5 80.0
0.6 86.0
0.7 135.0
0.8 86.0
0.9 86.0
1.0 80.0
0 141.0
0.1 86.0
0.2 141.0
0.3 80.0
0.4 80.0
0.5 86.0
0.6 135.0
0.7 80.0
0.8 80.0
0.9 135.0
1.0 80.0
0 80.0
0.1 141.0
0.2 141.0
0.3 86.0
0.4 80.0
0.5 80.0
0.6 135.0
0.7 135.0
0.8 141.0
0.9 80.0
1.0 86.0
0 80.0
0.1 86.0
0.2 86.0
0.3 80.0
0.4 86.0
0.5 86.0
0.6 86.0
0.7 80.0
0.8 80.0
0.9 86.0
1.0 86.0
0 141.0
0.1 141.0
0.2 80.0
0.3 80.0
0.4 80.0
0.5 86.0
0.6 80.0
0.7 135.0
0.8 80.0
0.9 135.0
1.0 80.0
0 135.0
0.1 86.0
0.2 80.0
0.3 135.0
0.4 80.0
0.5 80.0
0.6 141.0
0.7 135.0
0.8 80.0
0.9 86.0
1.0 86.0
0 80.0
0.1 135.0
0.2 141.0
0.3 86.0
0.4 135.0
0.5 86.0
0.6 86.0
0.7 141.0
0.8 80.0
0.9 141.0
1.0 80.0
0 80.0
0.1 80.0
0.2 80.0
0.3 80.0
0.4 80.0
0.5 141.0
0.6 80.0
0.7 135.0
0.8 86.0
0.9 80.0
1.0 86.0
0 141.0
0.1 141.0
0.2 80.0
0.3 135.0
0.4 135.0
0.5 135.0
0.6 80.0
0.7 80.0
0.8 86.0
0.9 80.0
1.0 80.0
0 80.0
0.1 135.0
0.2 135.0
0.3 80.0
0.4 141.0
0.5 135.0
0.6 86.0
0.7 135.0
0.8 86.0
0.9 141.0
1.0 135.0
0 141.0
0.1 135.0
0.2 86.0
0.3 86.0
0.4 80.0
0.5 80.0
0.6 80.0
0.7 80.0
0.8 80.0
0.9 80.0
1.0 80.0
0 80.0
0.1 80.0
0.2 86.0
0.3 135.0
0.4 135.0
0.5 135.0
0.6 80.0
0.7 80.0
0.8 86.0
0.9 86.0
1.0 80.0
0 80.0
0.1 135.0
0.2 86.0
0.3 80.0
0.4 135.0
0.5 86.0
0.6 80.0
0.7 135.0
0.8 80.0
0.9 86.0
1.0 135.0
0 80.0
0.1 86.0
0.2 80.0
0.3 135.0
0.4 80.0
0.5 80.0
0.6 141.0
0.7 135.0
0.8 86.0
0.9 80.0
1.0 141.0
0 86.0
0.1 80.0
0.2 80.0
0.3 86.0
0.4 80.0
0.5 135.0
0.6 135.0
0.7 80.0
0.8 135.0
0.9 80.0
1.0 80.0
0 86.0
0.1 86.0
0.2 80.0
0.3 80.0
0.4 135.0
0.5 80.0
0.6 80.0
0.7 135.0
0.8 135.0
0.9 141.0
1.0 86.0
0 141.0
0.1 86.0
0.2 80.0
0.3 80.0
0.4 135.0
0.5 135.0
0.6 80.0
0.7 86.0
0.8 80.0
0.9 80.0
1.0 135.0
0 86.0
0.1 80.0
0.2 141.0
0.3 80.0
0.4 141.0
0.5 80.0
0.6 135.0
0.7 86.0
0.8 86.0
0.9 80.0
1.0 86.0
0 141.0
0.1 80.0
0.2 135.0
0.3 80.0
0.4 86.0
0.5 141.0
0.6 80.0
0.7 80.0
0.8 135.0
0.9 80.0
1.0 135.0
0 86.0
0.1 135.0
0.2 86.0
0.3 135.0
0.4 135.0
0.5 80.0
0.6 80.0
0.7 80.0
0.8 80.0
0.9 80.0
1.0 80.0
0 135.0
0.1 80.0
0.2 135.0
0.3 135.0
0.4 80.0
0.5 135.0
0.6 135.0
0.7 80.0
0.8 135.0
0.9 141.0
1.0 80.0
0 86.0
0.1 86.0
0.2 80.0
0.3 80.0
0.4 80.0
0.5 80.0
0.6 80.0
0.7 86.0
0.8 86.0
0.9 141.0
1.0 135.0
0 80.0
0.1 141.0
0.2 86.0
0.3 86.0
0.4 80.0
0.5 86.0
0.6 135.0
0.7 135.0
0.8 86.0
0.9 80.0
1.0 135.0
0 80.0
0.1 86.0
0.2 141.0
0.3 135.0
0.4 86.0
0.5 135.0
0.6 80.0
0.7 80.0
0.8 80.0
0.9 80.0
1.0 80.0
0 86.0
0.1 135.0
0.2 135.0
0.3 86.0
0.4 86.0
0.5 80.0
0.6 135.0
0.7 86.0
0.8 135.0
0.9 86.0
1.0 80.0
0 86.0
0.1 86.0
0.2 86.0
0.3 86.0
0.4 86.0
0.5 86.0
0.6 80.0
0.7 80.0
0.8 80.0
0.9 86.0
1.0 86.0
0 80.0
0.1 135.0
0.2 135.0
0.3 86.0
0.4 141.0
0.5 80.0
0.6 86.0
0.7 135.0
0.8 86.0
0.9 80.0
1.0 80.0
0 86.0
0.1 80.0
0.2 80.0
0.3 80.0
0.4 86.0
0.5 80.0
0.6 86.0
0.7 135.0
0.8 135.0
0.9 86.0
1.0 86.0
0 80.0
0.1 80.0
0.2 135.0
0.3 86.0
0.4 80.0
0.5 141.0
0.6 80.0
0.7 80.0
0.8 80.0
0.9 80.0
1.0 135.0
0 86.0
0.1 80.0
0.2 135.0
0.3 86.0
0.4 80.0
0.5 86.0
0.6 141.0
0.7 80.0
0.8 80.0
0.9 86.0
1.0 141.0
0 135.0
0.1 80.0
0.2 80.0
0.3 80.0
0.4 86.0
0.5 141.0
0.6 80.0
0.7 141.0
0.8 80.0
0.9 80.0
1.0 80.0
0 80.0
0.1 80.0
0.2 80.0
0.3 80.0
0.4 80.0
0.5 80.0
0.6 141.0
0.7 135.0
0.8 80.0
0.9 135.0
1.0 80.0
0 86.0
0.1 80.0
0.2 86.0
0.3 80.0
0.4 80.0
0.5 141.0
0.6 80.0
0.7 135.0
0.8 86.0
0.9 80.0
1.0 80.0
0 80.0
0.1 135.0
0.2 86.0
0.3 135.0
0.4 80.0
0.5 80.0
0.6 135.0
0.7 141.0
0.8 135.0
0.9 86.0
1.0 80.0
0 141.0
0.1 135.0
0.2 80.0
0.3 80.0
0.4 135.0
0.5 141.0
0.6 86.0
0.7 86.0
0.8 86.0
0.9 86.0
1.0 80.0
0 80.0
0.1 135.0
0.2 80.0
0.3 141.0
0.4 135.0
0.5 80.0
0.6 86.0
0.7 135.0
0.8 135.0
0.9 141.0
1.0 80.0
0 141.0
0.1 80.0
0.2 80.0
0.3 80.0
0.4 86.0
0.5 141.0
0.6 135.0
0.7 80.0
0.8 80.0
0.9 80.0
1.0 80.0
0 86.0
0.1 80.0
0.2 80.0
0.3 141.0
0.4 80.0
0.5 80.0
0.6 86.0
0.7 86.0
0.8 135.0
0.9 141.0
1.0 135.0
0 80.0
0.1 80.0
0.2 80.0
0.3 135.0
0.4 86.0
0.5 135.0
0.6 80.0
0.7 80.0
0.8 141.0
0.9 80.0
1.0 135.0
0 135.0
0.1 135.0
0.2 80.0
0.3 80.0
0.4 135.0
0.5 135.0
0.6 80.0
0.7 135.0
0.8 86.0
0.9 80.0
1.0 80.0
0 135.0
0.1 80.0
0.2 80.0
0.3 135.0
0.4 86.0
0.5 86.0
0.6 141.0
0.7 86.0
0.8 86.0
0.9 135.0
1.0 141.0
0 135.0
0.1 135.0
0.2 80.0
0.3 141.0
0.4 80.0
0.5 80.0
0.6 86.0
0.7 141.0
0.8 86.0
0.9 80.0
1.0 80.0
0 141.0
0.1 135.0
0.2 141.0
0.3 135.0
0.4 141.0
0.5 86.0
0.6 135.0
0.7 80.0
0.8 135.0
0.9 86.0
1.0 80.0
0 80.0
0.1 135.0
0.2 80.0
0.3 80.0
0.4 86.0
0.5 80.0
0.6 135.0
0.7 141.0
0.8 80.0
0.9 80.0
1.0 135.0
0 135.0
0.1 135.0
0.2 80.0
0.3 135.0
0.4 80.0
0.5 80.0
0.6 135.0
0.7 80.0
0.8 135.0
0.9 80.0
1.0 80.0
0 80.0
0.1 80.0
0.2 80.0
0.3 80.0
0.4 135.0
0.5 80.0
0.6 141.0
0.7 135.0
0.8 135.0
0.9 80.0
1.0 80.0
0 135.0
0.1 80.0
0.2 141.0
0.3 135.0
0.4 135.0
0.5 80.0
0.6 135.0
0.7 80.0
0.8 80.0
0.9 80.0
1.0 86.0
0 80.0
0.1 80.0
0.2 86.0
0.3 80.0
0.4 86.0
0.5 86.0
0.6 141.0
0.7 80.0
0.8 141.0
0.9 80.0
1.0 80.0
0 86.0
0.1 80.0
0.2 141.0
0.3 86.0
0.4 86.0
0.5 80.0
0.6 135.0
0.7 135.0
0.8 80.0
0.9 135.0
1.0 80.0
0 135.0
0.1 86.0
0.2 135.0
0.3 80.0
0.4 135.0
0.5 135.0
0.6 135.0
0.7 80.0
0.8 135.0
0.9 135.0
1.0 80.0
0 86.0
0.1 135.0
0.2 80.0
0.3 86.0
0.4 135.0
0.5 86.0
0.6 86.0
0.7 80.0
0.8 80.0
0.9 135.0
1.0 80.0
0 80.0
0.1 80.0
0.2 86.0
0.3 80.0
0.4 86.0
0.5 135.0
0.6 135.0
0.7 141.0
0.8 80.0
0.9 141.0
1.0 141.0
0 80.0
0.1 80.0
0.2 80.0
0.3 86.0
0.4 86.0
0.5 86.0
0.6 80.0
0.7 135.0
0.8 80.0
0.9 80.0
1.0 135.0
0 141.0
0.1 141.0
0.2 86.0
0.3 135.0
0.4 80.0
0.5 141.0
0.6 141.0
0.7 135.0
0.8 86.0
0.9 80.0
1.0 80.0
0 86.0
0.1 135.0
0.2 80.0
0.3 86.0
0.4 135.0
0.5 80.0
0.6 80.0
0.7 80.0
0.8 135.0
0.9 141.0
1.0 80.0
0 80.0
0.1 86.0
0.2 86.0
0.3 80.0
0.4 135.0
0.5 135.0
0.6 141.0
0.7 141.0
0.8 80.0
0.9 141.0
1.0 80.0
0 86.0
0.1 80.0
0.2 86.0
0.3 80.0
0.4 80.0
0.5 80.0
0.6 86.0
0.7 80.0
0.8 80.0
0.9 86.0
1.0 86.0
0 86.0
0.1 80.0
0.2 86.0
0.3 80.0
0.4 80.0
0.5 80.0
0.6 135.0
0.7 80.0
0.8 141.0
0.9 141.0
1.0 135.0
0 80.0
0.1 86.0
0.2 86.0
0.3 86.0
0.4 86.0
0.5 141.0
0.6 86.0
0.7 80.0
0.8 80.0
0.9 141.0
1.0 86.0
0 80.0
0.1 80.0
0.2 80.0
0.3 80.0
0.4 80.0
0.5 141.0
0.6 86.0
0.7 86.0
0.8 80.0
0.9 80.0
1.0 135.0
0 135.0
0.1 80.0
0.2 135.0
0.3 80.0
0.4 141.0
0.5 141.0
0.6 86.0
0.7 80.0
0.8 80.0
0.9 141.0
1.0 135.0
0 86.0
0.1 80.0
0.2 135.0
0.3 86.0
0.4 86.0
0.5 135.0
0.6 135.0
0.7 135.0
0.8 135.0
0.9 135.0
1.0 80.0
0 80.0
0.1 135.0
0.2 135.0
0.3 86.0
0.4 80.0
0.5 135.0
0.6 86.0
0.7 86.0
0.8 80.0
0.9 135.0
1.0 80.0
0 80.0
0.1 80.0
0.2 86.0
0.3 86.0
0.4 86.0
0.5 80.0
0.6 141.0
0.7 86.0
0.8 135.0
0.9 80.0
1.0 80.0
0 86.0
0.1 135.0
0.2 86.0
0.3 135.0
0.4 135.0
0.5 80.0
0.6 86.0
0.7 135.0
0.8 80.0
0.9 80.0
1.0 135.0
0 86.0
0.1 86.0
0.2 80.0
0.3 135.0
0.4 135.0
0.5 80.0
0.6 80.0
0.7 86.0
0.8 80.0
0.9 135.0
1.0 86.0
0 141.0
0.1 141.0
0.2 80.0
0.3 80.0
0.4 135.0
0.5 80.0
0.6 135.0
0.7 135.0
0.8 86.0
0.9 80.0
1.0 135.0
0 141.0
0.1 80.0
0.2 80.0
0.3 135.0
0.4 135.0
0.5 80.0
0.6 80.0
0.7 80.0
0.8 135.0
0.9 135.0
1.0 141.0
0 80.0
0.1 80.0
0.2 80.0
0.3 135.0
0.4 80.0
0.5 80.0
0.6 80.0
0.7 141.0
0.8 86.0
0.9 141.0
1.0 86.0
0 80.0
0.1 135.0
0.2 80.0
0.3 135.0
0.4 141.0
0.5 80.0
0.6 86.0
0.7 80.0
0.8 80.0
0.9 135.0
1.0 80.0
0 135.0
0.1 135.0
0.2 135.0
0.3 135.0
0.4 80.0
0.5 86.0
0.6 80.0
0.7 80.0
0.8 80.0
0.9 80.0
1.0 141.0
0 135.0
0.1 80.0
0.2 80.0
0.3 86.0
0.4 80.0
0.5 80.0
0.6 135.0
0.7 135.0
0.8 141.0
0.9 86.0
1.0 141.0
0 135.0
0.1 80.0
0.2 80.0
0.3 80.0
0.4 80.0
0.5 80.0
0.6 135.0
0.7 135.0
0.8 86.0
0.9 135.0
1.0 80.0
0 80.0
0.1 141.0
0.2 135.0
0.3 86.0
0.4 80.0
0.5 86.0
0.6 80.0
0.7 135.0
0.8 86.0
0.9 80.0
1.0 80.0
0 80.0
0.1 135.0
0.2 141.0
0.3 80.0
0.4 80.0
0.5 80.0
0.6 86.0
0.7 80.0
0.8 80.0
0.9 80.0
1.0 86.0
0 135.0
0.1 141.0
0.2 135.0
0.3 80.0
0.4 80.0
0.5 141.0
0.6 80.0
0.7 80.0
0.8 135.0
0.9 86.0
1.0 80.0
0 80.0
0.1 80.0
0.2 141.0
0.3 86.0
0.4 80.0
0.5 135.0
0.6 80.0
0.7 80.0
0.8 135.0
0.9 80.0
1.0 80.0
0 86.0
0.1 86.0
0.2 135.0
0.3 135.0
0.4 80.0
0.5 86.0
0.6 80.0
0.7 86.0
0.8 135.0
0.9 80.0
1.0 80.0
0 80.0
0.1 135.0
0.2 141.0
0.3 86.0
0.4 141.0
0.5 80.0
0.6 80.0
0.7 86.0
0.8 86.0
0.9 80.0
1.0 80.0
0 141.0
0.1 80.0
0.2 86.0
0.3 135.0
0.4 135.0
0.5 80.0
0.6 80.0
0.7 141.0
0.8 80.0
0.9 86.0
1.0 135.0
0 80.0
0.1 135.0
0.2 135.0
0.3 80.0
0.4 80.0
0.5 135.0
0.6 80.0
0.7 141.0
0.8 135.0
0.9 135.0
1.0 86.0
0 86.0
0.1 80.0
0.2 86.0
0.3 141.0
0.4 80.0
0.5 80.0
0.6 86.0
0.7 80.0
0.8 141.0
0.9 80.0
1.0 86.0
0 86.0
0.1 80.0
0.2 80.0
0.3 86.0
0.4 80.0
0.5 80.0
0.6 80.0
0.7 80.0
0.8 135.0
0.9 80.0
1.0 86.0
0 141.0
0.1 135.0
0.2 80.0
0.3 80.0
0.4 80.0
0.5 135.0
0.6 135.0
0.7 135.0
0.8 135.0
0.9 80.0
1.0 135.0
0 80.0
0.1 86.0
0.2 80.0
0.3 86.0
0.4 80.0
0.5 135.0
0.6 135.0
0.7 135.0
0.8 135.0
0.9 80.0
1.0 80.0
0 80.0
0.1 141.0
0.2 141.0
0.3 80.0
0.4 141.0
0.5 86.0
0.6 86.0
0.7 86.0
0.8 80.0
0.9 135.0
1.0 80.0
0 86.0
0.1 86.0
0.2 80.0
0.3 80.0
0.4 135.0
0.5 141.0
0.6 80.0
0.7 135.0
0.8 80.0
0.9 135.0
1.0 135.0
0 141.0
0.1 135.0
0.2 80.0
0.3 80.0
0.4 80.0
0.5 80.0
0.6 135.0
0.7 80.0
0.8 135.0
0.9 80.0
1.0 86.0
0 135.0
0.1 141.0
0.2 135.0
0.3 86.0
0.4 86.0
0.5 135.0
0.6 135.0
0.7 141.0
0.8 86.0
0.9 135.0
1.0 80.0
0 80.0
0.1 86.0
0.2 80.0
0.3 141.0
0.4 80.0
0.5 80.0
0.6 80.0
0.7 135.0
0.8 86.0
0.9 86.0
1.0 141.0
0 135.0
0.1 80.0
0.2 80.0
0.3 80.0
0.4 86.0
0.5 80.0
0.6 80.0
0.7 80.0
0.8 141.0
0.9 80.0
1.0 80.0
0 135.0
0.1 80.0
0.2 80.0
0.3 86.0
0.4 135.0
0.5 80.0
0.6 80.0
0.7 80.0
0.8 80.0
0.9 86.0
1.0 80.0
0 80.0
0.1 135.0
0.2 141.0
0.3 80.0
0.4 80.0
0.5 80.0
0.6 80.0
0.7 86.0
0.8 80.0
0.9 80.0
1.0 141.0
0 86.0
0.1 80.0
0.2 80.0
0.3 141.0
0.4 135.0
0.5 80.0
0.6 135.0
0.7 141.0
0.8 86.0
0.9 80.0
1.0 86.0
0 80.0
0.1 135.0
0.2 135.0
0.3 80.0
0.4 80.0
0.5 86.0
0.6 86.0
0.7 80.0
0.8 86.0
0.9 141.0
1.0 80.0
0 86.0
0.1 135.0
0.2 80.0
0.3 80.0
0.4 86.0
0.5 135.0
0.6 80.0
0.7 80.0
0.8 86.0
0.9 80.0
1.0 80.0
0 86.0
0.1 86.0
0.2 80.0
0.3 141.0
0.4 141.0
0.5 80.0
0.6 80.0
0.7 80.0
0.8 80.0
0.9 86.0
1.0 86.0
0 80.0
0.1 80.0
0.2 141.0
0.3 141.0
0.4 135.0
0.5 80.0
0.6 86.0
0.7 86.0
0.8 80.0
0.9 80.0
1.0 80.0
0 86.0
0.1 80.0
0.2 80.0
0.3 80.0
0.4 80.0
0.5 80.0
0.6 86.0
0.7 135.0
0.8 141.0
0.9 86.0
1.0 80.0
0 80.0
0.1 135.0
0.2 86.0
0.3 80.0
0.4 80.0
0.5 80.0
0.6 80.0
0.7 80.0
0.8 86.0
0.9 86.0
1.0 80.0
0 135.0
0.1 135.0
0.2 86.0
0.3 80.0
0.4 80.0
0.5 80.0
0.6 135.0
0.7 80.0
0.8 80.0
0.9 80.0
1.0 80.0
0 80.0
0.1 80.0
0.2 80.0
0.3 135.0
0.4 80.0
0.5 135.0
0.6 80.0
0.7 86.0
0.8 135.0
0.9 80.0
1.0 135.0
0 80.0
0.1 80.0
0.2 86.0
0.3 141.0
0.4 86.0
0.5 86.0
0.6 86.0
0.7 141.0
0.8 80.0
0.9 135.0
1.0 86.0
0 80.0
0.1 86.0
0.2 141.0
0.3 80.0
0.4 86.0
0.5 86.0
0.6 86.0
0.7 80.0
0.8 135.0
0.9 86.0
1.0 80.0
0 141.0
0.1 80.0
0.2 135.0
0.3 80.0
0.4 86.0
0.5 80.0
0.6 80.0
0.7 80.0
0.8 80.0
0.9 80.0
1.0 141.0
0 86.0
0.1 86.0
0.2 135.0
0.3 80.0
0.4 86.0
0.5 80.0
0.6 80.0
0.7 80.0
0.8 80.0
0.9 86.0
1.0 80.0
0 86.0
0.1 80.0
0.2 80.0
0.3 135.0
0.4 86.0
0.5 80.0
0.6 135.0
0.7 141.0
0.8 80.0
0.9 135.0
1.0 80.0
0 135.0
0.1 135.0
0.2 80.0
0.3 135.0
0.4 80.0
0.5 80.0
0.6 141.0
0.7 86.0
0.8 86.0
0.9 135.0
1.0 135.0
0 135.0
0.1 80.0
0.2 80.0
0.3 135.0
0.4 135.0
0.5 86.0
0.6 135.0
0.7 135.0
0.8 80.0
0.9 80.0
1.0 141.0
0 86.0
0.1 86.0
0.2 135.0
0.3 135.0
0.4 135.0
0.5 80.0
0.6 135.0
0.7 86.0
0.8 80.0
0.9 80.0
1.0 86.0
0 135.0
0.1 80.0
0.2 141.0
0.3 86.0
0.4 80.0
0.5 80.0
0.6 80.0
0.7 80.0
0.8 135.0
0.9 135.0
1.0 135.0
0 86.0
0.1 135.0
0.2 135.0
0.3 86.0
0.4 80.0
0.5 80.0
0.6 135.0
0.7 80.0
0.8 135.0
0.9 141.0
1.0 80.0
0 80.0
0.1 86.0
0.2 141.0
0.3 135.0
0.4 86.0
0.5 80.0
0.6 135.0
0.7 86.0
0.8 135.0
0.9 86.0
1.0 80.0
0 80.0
0.1 80.0
0.2 135.0
0.3 135.0
0.4 135.0
0.5 135.0
0.6 80.0
0.7 86.0
0.8 135.0
0.9 86.0
1.0 135.0
0 135.0
0.1 80.0
0.2 135.0
0.3 80.0
0.4 86.0
0.5 135.0
0.6 86.0
0.7 86.0
0.8 86.0
0.9 80.0
1.0 86.0
0 86.0
0.1 135.0
0.2 135.0
0.3 80.0
0.4 80.0
0.5 86.0
0.6 86.0
0.7 80.0
0.8 80.0
0.9 86.0
1.0 141.0
0 135.0
0.1 86.0
0.2 86.0
0.3 80.0
0.4 135.0
0.5 135.0
0.6 80.0
0.7 80.0
0.8 80.0
0.9 80.0
1.0 80.0
0 86.0
0.1 80.0
0.2 135.0
0.3 80.0
0.4 80.0
0.5 86.0
0.6 86.0
0.7 80.0
0.8 86.0
0.9 135.0
1.0 80.0
0 80.0
0.1 135.0
0.2 135.0
0.3 80.0
0.4 86.0
0.5 86.0
0.6 80.0
0.7 86.0
0.8 86.0
0.9 135.0
1.0 86.0
0 80.0
0.1 80.0
0.2 80.0
0.3 80.0
0.4 135.0
0.5 86.0
0.6 135.0
0.7 80.0
0.8 135.0
0.9 80.0
1.0 80.0
0 80.0
0.1 80.0
0.2 80.0
0.3 80.0
0.4 141.0
0.5 141.0
0.6 86.0
0.7 141.0
0.8 141.0
0.9 80.0
1.0 135.0
0 80.0
0.1 80.0
0.2 86.0
0.3 141.0
0.4 86.0
0.5 135.0
0.6 86.0
0.7 86.0
0.8 80.0
0.9 135.0
1.0 80.0
0 141.0
0.1 86.0
0.2 141.0
0.3 80.0
0.4 135.0
0.5 80.0
0.6 141.0
0.7 135.0
0.8 86.0
0.9 80.0
1.0 135.0
0 135.0
0.1 80.0
0.2 80.0
0.3 86.0
0.4 80.0
0.5 80.0
0.6 80.0
0.7 80.0
0.8 135.0
0.9 86.0
1.0 135.0
0 135.0
0.1 80.0
0.2 80.0
0.3 141.0
0.4 80.0
0.5 135.0
0.6 135.0
0.7 80.0
0.8 80.0
0.9 80.0
1.0 80.0
0 135.0
0.1 135.0
0.2 135.0
0.3 86.0
0.4 80.0
0.5 80.0
0.6 135.0
0.7 86.0
0.8 135.0
0.9 80.0
1.0 141.0
0 86.0
0.1 141.0
0.2 141.0
0.3 80.0
0.4 80.0
0.5 80.0
0.6 80.0
0.7 135.0
0.8 80.0
0.9 141.0
1.0 141.0
0 80.0
0.1 80.0
0.2 86.0
0.3 80.0
0.4 80.0
0.5 80.0
0.6 80.0
0.7 135.0
0.8 141.0
0.9 86.0
1.0 80.0
0 86.0
0.1 80.0
0.2 80.0
0.3 80.0
0.4 80.0
0.5 135.0
0.6 86.0
0.7 135.0
0.8 86.0
0.9 135.0
1.0 135.0
0 86.0
0.1 80.0
0.2 80.0
0.3 135.0
0.4 141.0
0.5 135.0
0.6 86.0
0.7 135.0
0.8 80.0
0.9 135.0
1.0 80.0
0 135.0
0.1 141.0
0.2 80.0
0.3 135.0
0.4 86.0
0.5 135.0
0.6 86.0
0.7 86.0
0.8 86.0
0.9 80.0
1.0 80.0
0 135.0
0.1 80.0
0.2 86.0
0.3 80.0
0.4 80.0
0.5 135.0
0.6 141.0
0.7 141.0
0.8 135.0
0.9 80.0
1.0 80.0
0 135.0
0.1 80.0
0.2 135.0
0.3 80.0
0.4 80.0
0.5 80.0
0.6 80.0
0.7 141.0
0.8 80.0
0.9 135.0
1.0 86.0
0 86.0
0.1 86.0
0.2 86.0
0.3 80.0
0.4 80.0
0.5 80.0
0.6 86.0
0.7 135.0
0.8 80.0
0.9 135.0
1.0 80.0
0 80.0
0.1 80.0
0.2 86.0
0.3 80.0
0.4 135.0
0.5 86.0
0.6 86.0
0.7 80.0
0.8 135.0
0.9 135.0
1.0 80.0
0 80.0
0.1 80.0
0.2 135.0
0.3 80.0
0.4 80.0
0.5 135.0
0.6 80.0
0.7 80.0
0.8 80.0
0.9 80.0
1.0 141.0
0 86.0
0.1 80.0
0.2 86.0
0.3 80.0
0.4 86.0
0.5 141.0
0.6 80.0
0.7 135.0
0.8 80.0
0.9 86.0
1.0 141.0
0 80.0
0.1 86.0
0.2 86.0
0.3 141.0
0.4 80.0
0.5 135.0
0.6 135.0
0.7 80.0
0.8 80.0
0.9 86.0
1.0 80.0
0 141.0
0.1 80.0
0.2 80.0
0.3 86.0
0.4 80.0
0.5 80.0
0.6 80.0
0.7 80.0
0.8 135.0
0.9 80.0
1.0 135.0
0 135.0
0.1 86.0
0.2 80.0
0.3 80.0
0.4 80.0
0.5 135.0
0.6 86.0
0.7 80.0
0.8 86.0
0.9 135.0
1.0 80.0
0 86.0
0.1 141.0
0.2 80.0
0.3 80.0
0.4 86.0
0.5 135.0
0.6 80.0
0.7 135.0
0.8 141.0
0.9 80.0
1.0 80.0
0 86.0
0.1 80.0
0.2 80.0
0.3 135.0
0.4 135.0
0.5 80.0
0.6 86.0
0.7 135.0
0.8 80.0
0.9 80.0
1.0 80.0
0 80.0
0.1 80.0
0.2 135.0
0.3 80.0
0.4 135.0
0.5 135.0
0.6 80.0
0.7 86.0
0.8 80.0
0.9 86.0
1.0 135.0
0 141.0
0.1 135.0
0.2 135.0
0.3 80.0
0.4 80.0
0.5 80.0
0.6 80.0
0.7 86.0
0.8 86.0
0.9 141.0
1.0 86.0
0 135.0
0.1 86.0
0.2 135.0
0.3 86.0
0.4 80.0
0.5 80.0
0.6 135.0
0.7 80.0
0.8 141.0
0.9 86.0
1.0 86.0
0 80.0
0.1 80.0
0.2 135.0
0.3 135.0
0.4 80.0
0.5 141.0
0.6 80.0
0.7 86.0
0.8 135.0
0.9 86.0
1.0 80.0
0 135.0
0.1 135.0
0.2 80.0
0.3 135.0
0.4 80.0
0.5 86.0
0.6 135.0
0.7 80.0
0.8 141.0
0.9 80.0
1.0 141.0
0 86.0
0.1 135.0
0.2 80.0
0.3 80.0
0.4 80.0
0.5 86.0
0.6 80.0
0.7 135.0
0.8 86.0
0.9 80.0
1.0 80.0
0 135.0
0.1 80.0
0.2 135.0
0.3 80.0
0.4 80.0
0.5 135.0
0.6 135.0
0.7 86.0
0.8 141.0
0.9 86.0
1.0 135.0
0 80.0
0.1 80.0
0.2 80.0
0.3 86.0
0.4 80.0
0.5 80.0
0.6 80.0
0.7 86.0
0.8 141.0
0.9 86.0
1.0 80.0
0 135.0
0.1 135.0
0.2 80.0
0.3 80.0
0.4 80.0
0.5 141.0
0.6 86.0
0.7 80.0
0.8 135.0
0.9 80.0
1.0 135.0
0 80.0
0.1 135.0
0.2 141.0
0.3 80.0
0.4 86.0
0.5 86.0
0.6 86.0
0.7 141.0
0.8 86.0
0.9 135.0
1.0 86.0
0 141.0
0.1 80.0
0.2 80.0
0.3 135.0
0.4 80.0
0.5 135.0
0.6 80.0
0.7 80.0
0.8 80.0
0.9 141.0
1.0 80.0
0 86.0
0.1 80.0
0.2 135.0
0.3 80.0
0.4 86.0
0.5 80.0
0.6 86.0
0.7 80.0
0.8 141.0
0.9 135.0
1.0 86.0
0 86.0
0.1 135.0
0.2 80.0
0.3 135.0
0.4 135.0
0.5 80.0
0.6 80.0
0.7 80.0
0.8 86.0
0.9 86.0
1.0 80.0
0 80.0
0.1 135.0
0.2 86.0
0.3 80.0
0.4 86.0
0.5 141.0
0.6 135.0
0.7 135.0
0.8 135.0
0.9 135.0
1.0 80.0
0 86.0
0.1 141.0
0.2 80.0
0.3 80.0
0.4 80.0
0.5 86.0
0.6 141.0
0.7 135.0
0.8 86.0
0.9 86.0
1.0 86.0
0 135.0
0.1 80.0
0.2 86.0
0.3 86.0
0.4 86.0
0.5 80.0
0.6 135.0
0.7 80.0
0.8 80.0
0.9 86.0
1.0 80.0
0 80.0
0.1 80.0
0.2 80.0
0.3 80.0
0.4 86.0
0.5 141.0
0.6 135.0
0.7 86.0
0.8 80.0
0.9 80.0
1.0 86.0
0 141.0
0.1 86.0
0.2 86.0
0.3 80.0
0.4 80.0
0.5 86.0
0.6 80.0
0.7 80.0
0.8 141.0
0.9 80.0
1.0 86.0
0 80.0
0.1 80.0
0.2 135.0
0.3 135.0
0.4 86.0
0.5 86.0
0.6 80.0
0.7 80.0
0.8 80.0
0.9 80.0
1.0 80.0
0 80.0
0.1 141.0
0.2 80.0
0.3 135.0
0.4 80.0
0.5 135.0
0.6 141.0
0.7 86.0
0.8 141.0
0.9 80.0
1.0 86.0
0 86.0
0.1 80.0
0.2 80.0
0.3 141.0
0.4 86.0
0.5 80.0
0.6 135.0
0.7 141.0
0.8 135.0
0.9 80.0
1.0 135.0
0 86.0
0.1 80.0
0.2 135.0
0.3 80.0
0.4 141.0
0.5 141.0
0.6 141.0
0.7 86.0
0.8 86.0
0.9 80.0
1.0 80.0
0 80.0
0.1 80.0
0.2 80.0
0.3 80.0
0.4 86.0
0.5 135.0
0.6 80.0
0.7 80.0
0.8 135.0
0.9 80.0
1.0 141.0
0 86.0
0.1 86.0
0.2 80.0
0.3 86.0
0.4 80.0
0.5 141.0
0.6 135.0
0.7 86.0
0.8 86.0
0.9 141.0
1.0 135.0
0 80.0
0.1 141.0
0.2 135.0
0.3 141.0
0.4 86.0
0.5 80.0
0.6 135.0
0.7 141.0
0.8 135.0
0.9 86.0
1.0 141.0
0 80.0
0.1 86.0
0.2 80.0
0.3 80.0
0.4 135.0
0.5 135.0
0.6 80.0
0.7 80.0
0.8 86.0
0.9 80.0
1.0 80.0
0 80.0
0.1 80.0
0.2 80.0
0.3 80.0
0.4 80.0
0.5 135.0
0.6 80.0
0.7 80.0
0.8 80.0
0.9 80.0
1.0 86.0
0 80.0
0.1 135.0
0.2 135.0
0.3 80.0
0.4 86.0
0.5 86.0
0.6 135.0
0.7 86.0
0.8 86.0
0.9 86.0
1.0 141.0
0 80.0
0.1 80.0
0.2 86.0
0.3 80.0
0.4 80.0
0.5 80.0
0.6 80.0
0.7 86.0
0.8 80.0
0.9 141.0
1.0 86.0
0 80.0
0.1 86.0
0.2 80.0
0.3 80.0
0.4 135.0
0.5 86.0
0.6 80.0
0.7 80.0
0.8 141.0
0.9 86.0
1.0 80.0
0 135.0
0.1 141.0
0.2 86.0
0.3 135.0
0.4 141.0
0.5 141.0
0.6 86.0
0.7 80.0
0.8 86.0
0.9 135.0
1.0 135.0
0 135.0
0.1 80.0
0.2 135.0
0.3 141.0
0.4 80.0
0.5 141.0
0.6 80.0
0.7 141.0
0.8 80.0
0.9 80.0
1.0 80.0
0 80.0
0.1 141.0
0.2 86.0
0.3 80.0
0.4 86.0
0.5 135.0
0.6 80.0
0.7 86.0
0.8 80.0
0.9 80.0
1.0 135.0
0 80.0
0.1 135.0
0.2 80.0
0.3 86.0
0.4 86.0
0.5 80.0
0.6 86.0
0.7 80.0
0.8 80.0
0.9 80.0
1.0 141.0
0 80.0
0.1 135.0
0.2 141.0
0.3 80.0
0.4 80.0
0.5 80.0
0.6 86.0
0.7 135.0
0.8 80.0
0.9 141.0
1.0 141.0
0 80.0
0.1 135.0
0.2 86.0
0.3 135.0
0.4 80.0
0.5 86.0
0.6 135.0
0.7 141.0
0.8 141.0
0.9 135.0
1.0 80.0
0 80.0
0.1 80.0
0.2 135.0
0.3 80.0
0.4 80.0
0.5 141.0
0.6 135.0
0.7 80.0
0.8 141.0
0.9 80.0
1.0 141.0
0 135.0
0.1 80.0
0.2 80.0
0.3 135.0
0.4 135.0
0.5 135.0
0.6 86.0
0.7 141.0
0.8 135.0
0.9 135.0
1.0 80.0
0 80.0
0.1 80.0
0.2 80.0
0.3 80.0
0.4 135.0
0.5 135.0
0.6 80.0
0.7 86.0
0.8 80.0
0.9 86.0
1.0 86.0
0 80.0
0.1 86.0
0.2 86.0
0.3 86.0
0.4 80.0
0.5 86.0
0.6 86.0
0.7 141.0
0.8 80.0
0.9 80.0
1.0 86.0
0 86.0
0.1 135.0
0.2 80.0
0.3 86.0
0.4 80.0
0.5 80.0
0.6 80.0
0.7 80.0
0.8 141.0
0.9 80.0
1.0 86.0
0 135.0
0.1 80.0
0.2 86.0
0.3 135.0
0.4 86.0
0.5 86.0
0.6 80.0
0.7 80.0
0.8 80.0
0.9 135.0
1.0 86.0
0 80.0
0.1 80.0
0.2 80.0
0.3 135.0
0.4 135.0
0.5 135.0
0.6 80.0
0.7 86.0
0.8 141.0
0.9 80.0
1.0 86.0
0 135.0
0.1 141.0
0.2 80.0
0.3 135.0
0.4 80.0
0.5 135.0
0.6 80.0
0.7 135.0
0.8 86.0
0.9 135.0
1.0 80.0
0 80.0
0.1 80.0
0.2 80.0
0.3 141.0
0.4 80.0
0.5 135.0
0.6 80.0
0.7 135.0
0.8 80.0
0.9 141.0
1.0 80.0
0 80.0
0.1 86.0
0.2 80.0
0.3 80.0
0.4 80.0
0.5 80.0
0.6 80.0
0.7 86.0
0.8 80.0
0.9 141.0
1.0 86.0
0 80.0
0.1 86.0
0.2 80.0
0.3 80.0
0.4 86.0
0.5 135.0
0.6 141.0
0.7 80.0
0.8 141.0
0.9 80.0
1.0 80.0
0 135.0
0.1 135.0
0.2 141.0
0.3 86.0
0.4 80.0
0.5 80.0
0.6 80.0
0.7 80.0
0.8 80.0
0.9 86.0
1.0 135.0
0 80.0
0.1 86.0
0.2 80.0
0.3 80.0
0.4 80.0
0.5 135.0
0.6 80.0
0.7 141.0
0.8 80.0
0.9 86.0
1.0 80.0
0 135.0
0.1 80.0
0.2 86.0
0.3 80.0
0.4 135.0
0.5 80.0
0.6 80.0
0.7 80.0
0.8 80.0
0.9 80.0
1.0 135.0
0 141.0
0.1 141.0
0.2 80.0
0.3 80.0
0.4 135.0
0.5 135.0
0.6 80.0
0.7 141.0
0.8 80.0
0.9 86.0
1.0 80.0
0 86.0
0.1 80.0
0.2 86.0
0.3 135.0
0.4 80.0
0.5 80.0
0.6 80.0
0.7 135.0
0.8 80.0
0.9 135.0
1.0 80.0
0 86.0
0.1 80.0
0.2 86.0
0.3 80.0
0.4 135.0
0.5 135.0
0.6 135.0
0.7 141.0
0.8 80.0
0.9 80.0
1.0 86.0
0 86.0
0.1 80.0
0.2 80.0
0.3 80.0
0.4 80.0
0.5 80.0
0.6 135.0
0.7 86.0
0.8 80.0
0.9 86.0
1.0 141.0
0 86.0
0.1 80.0
0.2 135.0
0.3 86.0
0.4 86.0
0.5 80.0
0.6 80.0
0.7 135.0
0.8 86.0
0.9 80.0
1.0 80.0
0 86.0
0.1 86.0
0.2 141.0
0.3 80.0
0.4 135.0
0.5 80.0
0.6 86.0
0.7 80.0
0.8 141.0
0.9 141.0
1.0 80.0
0 135.0
0.1 135.0
0.2 85.0
0.3 85.0
0.4 85.0
0.5 80.0
0.6 80.0
0.7 85.0
0.8 85.0
0.9 135.0
1.0 90.0
0 85.0
0.1 80.0
0.2 80.0
0.3 85.0
0.4 140.0
0.5 80.0
0.6 80.0
0.7 85.0
0.8 90.0
0.9 145.0
1.0 80.0
0 135.0
0.1 85.0
0.2 85.0
0.3 80.0
0.4 85.0
0.5 85.0
0.6 145.0
0.7 80.0
0.8 85.0
0.9 80.0
1.0 85.0
0 85.0
0.1 140.0
0.2 80.0
0.3 80.0
0.4 140.0
0.5 80.0
0.6 80.0
0.7 135.0
0.8 85.0
0.9 80.0
1.0 85.0
0 85.0
0.1 80.0
0.2 85.0
0.3 85.0
0.4 135.0
0.5 80.0
0.6 80.0
0.7 85.0
0.8 135.0
0.9 85.0
1.0 80.0
0 90.0
0.1 85.0
0.2 80.0
0.3 80.0
0.4 80.0
0.5 145.0
0.6 145.0
0.7 140.0
0.8 135.0
0.9 135.0
1.0 90.0
0 140.0
0.1 85.0
0.2 85.0
0.3 135.0
0.4 135.0
0.5 145.0
0.6 85.0
0.7 80.0
0.8 80.0
0.9 90.0
1.0 85.0
0 85.0
0.1 80.0
0.2 135.0
0.3 80.0
0.4 85.0
0.5 85.0
0.6 85.0
0.7 85.0
0.8 140.0
0.9 85.0
1.0 80.0
0 85.0
0.1 135.0
0.2 80.0
0.3 80.0
0.4 135.0
0.5 85.0
0.6 80.0
0.7 85.0
0.8 145.0
0.9 135.0
1.0 80.0
0 85.0
0.1 80.0
0.2 85.0
0.3 140.0
0.4 135.0
0.5 85.0
0.6 85.0
0.7 145.0
0.8 140.0
0.9 80.0
1.0 90.0
0 140.0
0.1 140.0
0.2 135.0
0.3 90.0
0.4 135.0
0.5 140.0
0.6 90.0
0.7 85.0
0.8 80.0
0.9 135.0
1.0 140.0
0 135.0
0.1 80.0
0.2 80.0
0.3 135.0
0.4 80.0
0.5 80.0
0.6 135.0
0.7 85.0
0.8 80.0
0.9 135.0
1.0 80.0
0 145.0
0.1 85.0
0.2 145.0
0.3 135.0
0.4 135.0
0.5 90.0
0.6 85.0
0.7 135.0
0.8 135.0
0.9 85.0
1.0 140.0
0 135.0
0.1 140.0
0.2 80.0
0.3 85.0
0.4 140.0
0.5 135.0
0.6 140.0
0.7 80.0
0.8 80.0
0.9 80.0
1.0 140.0
0 140.0
0.1 140.0
0.2 80.0
0.3 135.0
0.4 85.0
0.5 85.0
0.6 90.0
0.7 85.0
0.8 85.0
0.9 90.0
1.0 85.0
0 85.0
0.1 80.0
0.2 80.0
0.3 85.0
0.4 140.0
0.5 85.0
0.6 85.0
0.7 140.0
0.8 85.0
0.9 140.0
1.0 140.0
0 135.0
0.1 80.0
0.2 90.0
0.3 80.0
0.4 80.0
0.5 90.0
0.6 135.0
0.7 140.0
0.8 80.0
0.9 140.0
1.0 140.0
0 145.0
0.1 80.0
0.2 85.0
0.3 85.0
0.4 140.0
0.5 90.0
0.6 135.0
0.7 80.0
0.8 80.0
0.9 140.0
1.0 90.0
0 140.0
0.1 80.0
0.2 85.0
0.3 80.0
0.4 85.0
0.5 80.0
0.6 140.0
0.7 135.0
0.8 135.0
0.9 80.0
1.0 80.0
0 80.0
0.1 85.0
0.2 140.0
0.3 135.0
0.4 80.0
0.5 80.0
0.6 145.0
0.7 140.0
0.8 80.0
0.9 90.0
1.0 140.0
0 80.0
0.1 80.0
0.2 80.0
0.3 140.0
0.4 90.0
0.5 85.0
0.6 80.0
0.7 80.0
0.8 85.0
0.9 85.0
1.0 90.0
0 80.0
0.1 85.0
0.2 135.0
0.3 85.0
0.4 140.0
0.5 85.0
0.6 85.0
0.7 80.0
0.8 80.0
0.9 80.0
1.0 85.0
0 90.0
0.1 140.0
0.2 135.0
0.3 140.0
0.4 135.0
0.5 85.0
0.6 85.0
0.7 80.0
0.8 85.0
0.9 140.0
1.0 85.0
0 80.0
0.1 85.0
0.2 80.0
0.3 80.0
0.4 80.0
0.5 85.0
0.6 85.0
0.7 90.0
0.8 140.0
0.9 85.0
1.0 80.0
0 80.0
0.1 145.0
0.2 80.0
0.3 140.0
0.4 85.0
0.5 80.0
0.6 135.0
0.7 135.0
0.8 80.0
0.9 145.0
1.0 135.0
0 80.0
0.1 140.0
0.2 90.0
0.3 80.0
0.4 80.0
0.5 80.0
0.6 85.0
0.7 145.0
0.8 135.0
0.9 85.0
1.0 135.0
0 85.0
0.1 85.0
0.2 85.0
0.3 145.0
0.4 90.0
0.5 80.0
0.6 145.0
0.7 140.0
0.8 85.0
0.9 140.0
1.0 80.0
0 80.0
0.1 140.0
0.2 80.0
0.3 80.0
0.4 85.0
0.5 140.0
0.6 140.0
0.7 135.0
0.8 140.0
0.9 140.0
1.0 80.0
0 80.0
0.1 140.0
0.2 90.0
0.3 80.0
0.4 85.0
0.5 80.0
0.6 135.0
0.7 80.0
0.8 90.0
0.9 85.0
1.0 135.0
0 80.0
0.1 80.0
0.2 80.0
0.3 135.0
0.4 140.0
0.5 85.0
0.6 135.0
0.7 90.0
0.8 135.0
0.9 145.0
1.0 135.0
0 85.0
0.1 140.0
0.2 85.0
0.3 80.0
0.4 80.0
0.5 80.0
0.6 80.0
0.7 85.0
0.8 90.0
0.9 140.0
1.0 135.0
0 135.0
0.1 85.0
0.2 140.0
0.3 135.0
0.4 135.0
0.5 145.0
0.6 140.0
0.7 80.0
0.8 140.0
0.9 85.0
1.0 135.0
0 80.0
0.1 80.0
0.2 135.0
0.3 80.0
0.4 80.0
0.5 80.0
0.6 80.0
0.7 135.0
0.8 80.0
0.9 140.0
1.0 80.0
0 80.0
0.1 135.0
0.2 85.0
0.3 140.0
0.4 135.0
0.5 135.0
0.6 140.0
0.7 85.0
0.8 85.0
0.9 135.0
1.0 80.0
0 85.0
0.1 135.0
0.2 135.0
0.3 85.0
0.4 85.0
0.5 140.0
0.6 90.0
0.7 85.0
0.8 135.0
0.9 85.0
1.0 85.0
0 80.0
0.1 85.0
0.2 80.0
0.3 90.0
0.4 90.0
0.5 80.0
0.6 140.0
0.7 85.0
0.8 145.0
0.9 135.0
1.0 85.0
0 80.0
0.1 135.0
0.2 80.0
0.3 135.0
0.4 80.0
0.5 145.0
0.6 85.0
0.7 80.0
0.8 80.0
0.9 135.0
1.0 80.0
0 90.0
0.1 135.0
0.2 80.0
0.3 140.0
0.4 135.0
0.5 85.0
0.6 80.0
0.7 85.0
0.8 85.0
0.9 85.0
1.0 135.0
0 140.0
0.1 135.0
0.2 135.0
0.3 85.0
0.4 135.0
0.5 85.0
0.6 145.0
0.7 80.0
0.8 80.0
0.9 140.0
1.0 85.0
0 135.0
0.1 85.0
0.2 85.0
0.3 80.0
0.4 80.0
0.5 80.0
0.6 90.0
0.7 140.0
0.8 90.0
0.9 90.0
1.0 80.0
0 80.0
0.1 85.0
0.2 90.0
0.3 80.0
0.4 140.0
0.5 85.0
0.6 85.0
0.7 135.0
0.8 140.0
0.9 85.0
1.0 80.0
0 80.0
0.1 85.0
0.2 135.0
0.3 145.0
0.4 80.0
0.5 80.0
0.6 80.0
0.7 80.0
0.8 135.0
0.9 80.0
1.0 135.0
0 80.0
0.1 135.0
0.2 85.0
0.3 135.0
0.4 80.0
0.5 145.0
0.6 80.0
0.7 80.0
0.8 135.0
0.9 140.0
1.0 90.0
0 135.0
0.1 80.0
0.2 140.0
0.3 140.0
0.4 135.0
0.5 80.0
0.6 145.0
0.7 140.0
0.8 85.0
0.9 145.0
1.0 85.0
0 80.0
0.1 140.0
0.2 140.0
0.3 85.0
0.4 80.0
0.5 85.0
0.6 145.0
0.7 80.0
0.8 135.0
0.9 85.0
1.0 85.0
0 80.0
0.1 135.0
0.2 85.0
0.3 80.0
0.4 135.0
0.5 80.0
0.6 80.0
0.7 80.0
0.8 85.0
0.9 80.0
1.0 80.0
0 135.0
0.1 85.0
0.2 140.0
0.3 85.0
0.4 90.0
0.5 85.0
0.6 80.0
0.7 90.0
0.8 85.0
0.9 80.0
1.0 140.0
0 90.0
0.1 140.0
0.2 90.0
0.3 85.0
0.4 135.0
0.5 85.0
0.6 85.0
0.7 80.0
0.8 85.0
0.9 145.0
1.0 85.0
0 90.0
0.1 135.0
0.2 135.0
0.3 135.0
0.4 85.0
0.5 80.0
0.6 145.0
0.7 80.0
0.8 135.0
0.9 80.0
1.0 85.0
0 80.0
0.1 85.0
0.2 85.0
0.3 85.0
0.4 140.0
0.5 90.0
0.6 135.0
0.7 85.0
0.8 140.0
0.9 90.0
1.0 80.0
0 85.0
0.1 135.0
0.2 135.0
0.3 80.0
0.4 85.0
0.5 80.0
0.6 135.0
0.7 140.0
0.8 80.0
0.9 140.0
1.0 85.0
0 80.0
0.1 85.0
0.2 140.0
0.3 85.0
0.4 80.0
0.5 140.0
0.6 80.0
0.7 85.0
0.8 135.0
0.9 85.0
1.0 85.0
0 85.0
0.1 140.0
0.2 80.0
0.3 80.0
0.4 80.0
0.5 80.0
0.6 80.0
0.7 135.0
0.8 140.0
0.9 140.0
1.0 80.0
0 135.0
0.1 80.0
0.2 80.0
0.3 85.0
0.4 85.0
0.5 85.0
0.6 85.0
0.7 80.0
0.8 80.0
0.9 90.0
1.0 85.0
0 90.0
0.1 90.0
0.2 90.0
0.3 80.0
0.4 140.0
0.5 85.0
0.6 85.0
0.7 135.0
0.8 135.0
0.9 85.0
1.0 85.0
0 85.0
0.1 135.0
0.2 135.0
0.3 135.0
0.4 90.0
0.5 90.0
0.6 80.0
0.7 80.0
0.8 85.0
0.9 135.0
1.0 85.0
0 85.0
0.1 80.0
0.2 85.0
0.3 80.0
0.4 80.0
0.5 85.0
0.6 80.0
0.7 80.0
0.8 135.0
0.9 80.0
1.0 145.0
0 145.0
0.1 80.0
0.2 135.0
0.3 85.0
0.4 80.0
0.5 85.0
0.6 85.0
0.7 90.0
0.8 140.0
0.9 140.0
1.0 85.0
0 135.0
0.1 135.0
0.2 85.0
0.3 80.0
0.4 85.0
0.5 80.0
0.6 80.0
0.7 85.0
0.8 135.0
0.9 85.0
1.0 90.0
0 90.0
0.1 85.0
0.2 140.0
0.3 85.0
0.4 80.0
0.5 80.0
0.6 140.0
0.7 85.0
0.8 85.0
0.9 140.0
1.0 80.0
0 80.0
0.1 85.0
0.2 80.0
0.3 80.0
0.4 85.0
0.5 90.0
0.6 80.0
0.7 85.0
0.8 80.0
0.9 85.0
1.0 80.0
0 145.0
0.1 135.0
0.2 85.0
0.3 140.0
0.4 85.0
0.5 85.0
0.6 140.0
0.7 80.0
0.8 80.0
0.9 80.0
1.0 80.0
0 135.0
0.1 140.0
0.2 145.0
0.3 90.0
0.4 135.0
0.5 135.0
0.6 85.0
0.7 85.0
0.8 80.0
0.9 80.0
1.0 85.0
0 140.0
0.1 80.0
0.2 140.0
0.3 80.0
0.4 80.0
0.5 80.0
0.6 135.0
0.7 85.0
0.8 80.0
0.9 85.0
1.0 80.0
0 135.0
0.1 140.0
0.2 135.0
0.3 85.0
0.4 140.0
0.5 80.0
0.6 135.0
0.7 140.0
0.8 85.0
0.9 80.0
1.0 85.0
0 140.0
0.1 85.0
0.2 80.0
0.3 85.0
0.4 85.0
0.5 85.0
0.6 80.0
0.7 80.0
0.8 140.0
0.9 85.0
1.0 80.0
0 85.0
0.1 135.0
0.2 140.0
0.3 80.0
0.4 80.0
0.5 140.0
0.6 135.0
0.7 85.0
0.8 80.0
0.9 85.0
1.0 135.0
0 85.0
0.1 140.0
0.2 80.0
0.3 140.0
0.4 140.0
0.5 80.0
0.6 80.0
0.7 80.0
0.8 80.0
0.9 90.0
1.0 140.0
0 135.0
0.1 80.0
0.2 135.0
0.3 140.0
0.4 140.0
0.5 80.0
0.6 80.0
0.7 90.0
0.8 85.0
0.9 145.0
1.0 80.0
0 140.0
0.1 80.0
0.2 85.0
0.3 85.0
0.4 80.0
0.5 135.0
0.6 80.0
0.7 140.0
0.8 80.0
0.9 80.0
1.0 80.0
0 85.0
0.1 85.0
0.2 85.0
0.3 135.0
0.4 85.0
0.5 80.0
0.6 140.0
0.7 85.0
0.8 80.0
0.9 80.0
1.0 80.0
0 140.0
0.1 80.0
0.2 80.0
0.3 135.0
0.4 85.0
0.5 80.0
0.6 80.0
0.7 140.0
0.8 90.0
0.9 135.0
1.0 140.0
0 85.0
0.1 80.0
0.2 85.0
0.3 145.0
0.4 135.0
0.5 80.0
0.6 140.0
0.7 140.0
0.8 135.0
0.9 80.0
1.0 140.0
0 85.0
0.1 80.0
0.2 85.0
0.3 85.0
0.4 80.0
0.5 85.0
0.6 85.0
0.7 80.0
0.8 85.0
0.9 135.0
1.0 85.0
0 85.0
0.1 85.0
0.2 135.0
0.3 80.0
0.4 90.0
0.5 90.0
0.6 85.0
0.7 135.0
0.8 140.0
0.9 140.0
1.0 80.0
0 85.0
0.1 80.0
0.2 85.0
0.3 140.0
0.4 80.0
0.5 85.0
0.6 80.0
0.7 85.0
0.8 80.0
0.9 90.0
1.0 85.0
0 90.0
0.1 140.0
0.2 80.0
0.3 135.0
0.4 135.0
0.5 85.0
0.6 85.0
0.7 80.0
0.8 90.0
0.9 135.0
1.0 145.0
0 85.0
0.1 85.0
0.2 145.0
0.3 80.0
0.4 145.0
0.5 85.0
0.6 85.0
0.7 135.0
0.8 140.0
0.9 135.0
1.0 85.0
0 85.0
0.1 140.0
0.2 135.0
0.3 80.0
0.4 145.0
0.5 80.0
0.6 85.0
0.7 80.0
0.8 85.0
0.9 135.0
1.0 85.0
0 135.0
0.1 140.0
0.2 135.0
0.3 80.0
0.4 135.0
0.5 135.0
0.6 90.0
0.7 140.0
0.8 80.0
0.9 135.0
1.0 80.0
0 85.0
0.1 80.0
0.2 85.0
0.3 85.0
0.4 140.0
0.5 140.0
0.6 135.0
0.7 135.0
0.8 80.0
0.9 145.0
1.0 85.0
0 90.0
0.1 135.0
0.2 145.0
0.3 145.0
0.4 80.0
0.5 80.0
0.6 135.0
0.7 85.0
0.8 80.0
0.9 85.0
1.0 85.0
0 85.0
0.1 80.0
0.2 85.0
0.3 140.0
0.4 140.0
0.5 90.0
0.6 80.0
0.7 80.0
0.8 80.0
0.9 90.0
1.0 90.0
0 85.0
0.1 85.0
0.2 85.0
0.3 80.0
0.4 135.0
0.5 80.0
0.6 85.0
0.7 85.0
0.8 85.0
0.9 85.0
1.0 80.0
0 80.0
0.1 85.0
0.2 80.0
0.3 140.0
0.4 80.0
0.5 90.0
0.6 145.0
0.7 85.0
0.8 85.0
0.9 80.0
1.0 145.0
0 80.0
0.1 145.0
0.2 135.0
0.3 80.0
0.4 85.0
0.5 80.0
0.6 80.0
0.7 85.0
0.8 85.0
0.9 80.0
1.0 80.0
0 135.0
0.1 85.0
0.2 85.0
0.3 80.0
0.4 135.0
0.5 85.0
0.6 135.0
0.7 140.0
0.8 135.0
0.9 145.0
1.0 140.0
0 80.0
0.1 80.0
0.2 85.0
0.3 80.0
0.4 85.0
0.5 80.0
0.6 135.0
0.7 85.0
0.8 140.0
0.9 140.0
1.0 135.0
0 80.0
0.1 140.0
0.2 85.0
0.3 135.0
0.4 80.0
0.5 140.0
0.6 140.0
0.7 80.0
0.8 80.0
0.9 85.0
1.0 145.0
0 85.0
0.1 85.0
0.2 85.0
0.3 80.0
0.4 85.0
0.5 85.0
0.6 145.0
0.7 140.0
0.8 85.0
0.9 85.0
1.0 80.0
0 145.0
0.1 90.0
0.2 90.0
0.3 135.0
0.4 80.0
0.5 90.0
0.6 85.0
0.7 80.0
0.8 80.0
0.9 85.0
1.0 80.0
0 80.0
0.1 80.0
0.2 140.0
0.3 85.0
0.4 80.0
0.5 90.0
0.6 90.0
0.7 80.0
0.8 90.0
0.9 135.0
1.0 85.0
0 85.0
0.1 85.0
0.2 85.0
0.3 80.0
0.4 85.0
0.5 140.0
0.6 80.0
0.7 135.0
0.8 80.0
0.9 90.0
1.0 90.0
0 140.0
0.1 135.0
0.2 80.0
0.3 90.0
0.4 80.0
0.5 135.0
0.6 145.0
0.7 140.0
0.8 140.0
0.9 135.0
1.0 135.0
0 85.0
0.1 85.0
0.2 85.0
0.3 85.0
0.4 135.0
0.5 80.0
0.6 80.0
0.7 80.0
0.8 80.0
0.9 85.0
1.0 85.0
0 135.0
0.1 140.0
0.2 85.0
0.3 80.0
0.4 140.0
0.5 80.0
0.6 80.0
0.7 140.0
0.8 85.0
0.9 85.0
1.0 85.0
0 140.0
0.1 140.0
0.2 135.0
0.3 135.0
0.4 80.0
0.5 80.0
0.6 140.0
0.7 80.0
0.8 135.0
0.9 80.0
1.0 85.0
0 135.0
0.1 140.0
0.2 135.0
0.3 135.0
0.4 145.0
0.5 135.0
0.6 85.0
0.7 80.0
0.8 80.0
0.9 85.0
1.0 85.0
0 85.0
0.1 85.0
0.2 135.0
0.3 135.0
0.4 85.0
0.5 140.0
0.6 80.0
0.7 140.0
0.8 85.0
0.9 80.0
1.0 140.0
0 85.0
0.1 135.0
0.2 85.0
0.3 85.0
0.4 80.0
0.5 85.0
0.6 135.0
0.7 85.0
0.8 80.0
0.9 140.0
1.0 135.0
0 150
0.1 100.0
0.2 150.0
0.3 40.0
0.4 45.0
0.5 100.0
0.6 40.0
0.7 100.0
0.8 95.0
0.9 150.0
1.0 40.0
0 95.0
0.1 50.0
0.2 100.0
0.3 45.0
0.4 95.0
0.5 95.0
0.6 150.0
0.7 45.0
0.8 50.0
0.9 150.0
1.0 100.0
0 100
0.1 45.0
0.2 45.0
0.3 50.0
0.4 150.0
0.5 40.0
0.6 50.0
0.7 100.0
0.8 40.0
0.9 95.0
1.0 45.0
0 95.0
0.1 45.0
0.2 95.0
0.3 50.0
0.4 50.0
0.5 95.0
0.6 100.0
0.7 95.0
0.8 40.0
0.9 95.0
1.0 45.0
0 100
0.1 95.0
0.2 40.0
0.3 45.0
0.4 45.0
0.5 45.0
0.6 50.0
0.7 45.0
0.8 150.0
0.9 45.0
1.0 50.0
0 45.0
0.1 95.0
0.2 95.0
0.3 50.0
0.4 150.0
0.5 100.0
0.6 45.0
0.7 40.0
0.8 45.0
0.9 150.0
1.0 40.0
0 45.0
0.1 150.0
0.2 45.0
0.3 40.0
0.4 100.0
0.5 100.0
0.6 100.0
0.7 45.0
0.8 50.0
0.9 95.0
1.0 95.0
0 45.0
0.1 45.0
0.2 50.0
0.3 45.0
0.4 95.0
0.5 100.0
0.6 150.0
0.7 95.0
0.8 95.0
0.9 100.0
1.0 50.0
0 40.0
0.1 100.0
0.2 95.0
0.3 100.0
0.4 150.0
0.5 45.0
0.6 50.0
0.7 100.0
0.8 45.0
0.9 95.0
1.0 95.0
0 50
0.1 150.0
0.2 40.0
0.3 45.0
0.4 95.0
0.5 95.0
0.6 45.0
0.7 100.0
0.8 45.0
0.9 100.0
1.0 45.0
0 100
0.1 45.0
0.2 100.0
0.3 95.0
0.4 100.0
0.5 40.0
0.6 100.0
0.7 100.0
0.8 45.0
0.9 40.0
1.0 45.0
0 100
0.1 40.0
0.2 50.0
0.3 45.0
0.4 50.0
0.5 40.0
0.6 100.0
0.7 50.0
0.8 40.0
0.9 95.0
1.0 45.0
0 100
0.1 150.0
0.2 40.0
0.3 45.0
0.4 45.0
0.5 100.0
0.6 95.0
0.7 100.0
0.8 100.0
0.9 95.0
1.0 40.0
0 100
0.1 150.0
0.2 40.0
0.3 45.0
0.4 45.0
0.5 100.0
0.6 150.0
0.7 45.0
0.8 150.0
0.9 45.0
1.0 40.0
0 95.0
0.1 100.0
0.2 95.0
0.3 150.0
0.4 100.0
0.5 40.0
0.6 100.0
0.7 95.0
0.8 95.0
0.9 40.0
1.0 45.0
0 45.0
0.1 95.0
0.2 45.0
0.3 45.0
0.4 100.0
0.5 95.0
0.6 45.0
0.7 95.0
0.8 100.0
0.9 40.0
1.0 95.0
0 150
0.1 40.0
0.2 100.0
0.3 40.0
0.4 100.0
0.5 100.0
0.6 95.0
0.7 100.0
0.8 100.0
0.9 100.0
1.0 100.0
0 100
0.1 50.0
0.2 50.0
0.3 95.0
0.4 45.0
0.5 50.0
0.6 95.0
0.7 100.0
0.8 100.0
0.9 95.0
1.0 45.0
0 45.0
0.1 100.0
0.2 45.0
0.3 100.0
0.4 40.0
0.5 100.0
0.6 100.0
0.7 100.0
0.8 45.0
0.9 150.0
1.0 150.0
0 50
0.1 100.0
0.2 95.0
0.3 45.0
0.4 45.0
0.5 40.0
0.6 95.0
0.7 45.0
0.8 45.0
0.9 45.0
1.0 150.0
0 95.0
0.1 150.0
0.2 40.0
0.3 45.0
0.4 100.0
0.5 45.0
0.6 50.0
0.7 100.0
0.8 150.0
0.9 100.0
1.0 100.0
0 150
0.1 45.0
0.2 45.0
0.3 100.0
0.4 100.0
0.5 150.0
0.6 45.0
0.7 95.0
0.8 45.0
0.9 100.0
1.0 45.0
0 100
0.1 95.0
0.2 40.0
0.3 95.0
0.4 50.0
0.5 150.0
0.6 95.0
0.7 150.0
0.8 100.0
0.9 45.0
1.0 95.0
0 50
0.1 100.0
0.2 100.0
0.3 45.0
0.4 150.0
0.5 100.0
0.6 95.0
0.7 95.0
0.8 95.0
0.9 40.0
1.0 100.0
0 40.0
0.1 45.0
0.2 100.0
0.3 100.0
0.4 95.0
0.5 100.0
0.6 95.0
0.7 45.0
0.8 45.0
0.9 150.0
1.0 45.0
0 40.0
0.1 50.0
0.2 150.0
0.3 45.0
0.4 40.0
0.5 50.0
0.6 100.0
0.7 45.0
0.8 45.0
0.9 50.0
1.0 95.0
0 50
0.1 50.0
0.2 95.0
0.3 45.0
0.4 40.0
0.5 95.0
0.6 45.0
0.7 95.0
0.8 100.0
0.9 150.0
1.0 45.0
0 150
0.1 100.0
0.2 100.0
0.3 45.0
0.4 40.0
0.5 45.0
0.6 100.0
0.7 95.0
0.8 100.0
0.9 40.0
1.0 100.0
0 100
0.1 100.0
0.2 45.0
0.3 100.0
0.4 100.0
0.5 150.0
0.6 45.0
0.7 100.0
0.8 95.0
0.9 95.0
1.0 45.0
0 95.0
0.1 50.0
0.2 100.0
0.3 45.0
0.4 40.0
0.5 45.0
0.6 95.0
0.7 150.0
0.8 45.0
0.9 40.0
1.0 50.0
0 45.0
0.1 45.0
0.2 45.0
0.3 50.0
0.4 95.0
0.5 50.0
0.6 150.0
0.7 100.0
0.8 50.0
0.9 95.0
1.0 40.0
0 100
0.1 45.0
0.2 50.0
0.3 150.0
0.4 150.0
0.5 45.0
0.6 50.0
0.7 100.0
0.8 95.0
0.9 95.0
1.0 95.0
0 40.0
0.1 100.0
0.2 100.0
0.3 45.0
0.4 150.0
0.5 45.0
0.6 150.0
0.7 95.0
0.8 40.0
0.9 50.0
1.0 50.0
0 150
0.1 45.0
0.2 100.0
0.3 45.0
0.4 45.0
0.5 45.0
0.6 40.0
0.7 95.0
0.8 95.0
0.9 50.0
1.0 50.0
0 40.0
0.1 100.0
0.2 100.0
0.3 100.0
0.4 100.0
0.5 95.0
0.6 50.0
0.7 45.0
0.8 100.0
0.9 100.0
1.0 150.0
0 45.0
0.1 100.0
0.2 50.0
0.3 50.0
0.4 95.0
0.5 100.0
0.6 50.0
0.7 45.0
0.8 40.0
0.9 95.0
1.0 40.0
0 95.0
0.1 40.0
0.2 95.0
0.3 95.0
0.4 100.0
0.5 45.0
0.6 50.0
0.7 150.0
0.8 100.0
0.9 100.0
1.0 150.0
0 50
0.1 100.0
0.2 50.0
0.3 45.0
0.4 50.0
0.5 95.0
0.6 45.0
0.7 95.0
0.8 100.0
0.9 100.0
1.0 150.0
0 100
0.1 45.0
0.2 45.0
0.3 45.0
0.4 100.0
0.5 45.0
0.6 95.0
0.7 95.0
0.8 100.0
0.9 150.0
1.0 40.0
0 40.0
0.1 45.0
0.2 45.0
0.3 150.0
0.4 50.0
0.5 45.0
0.6 95.0
0.7 95.0
0.8 45.0
0.9 50.0
1.0 50.0
0 50
0.1 45.0
0.2 45.0
0.3 50.0
0.4 40.0
0.5 40.0
0.6 45.0
0.7 95.0
0.8 100.0
0.9 50.0
1.0 40.0
0 45.0
0.1 95.0
0.2 100.0
0.3 150.0
0.4 50.0
0.5 150.0
0.6 150.0
0.7 40.0
0.8 40.0
0.9 150.0
1.0 45.0
0 95.0
0.1 95.0
0.2 95.0
0.3 95.0
0.4 50.0
0.5 100.0
0.6 100.0
0.7 50.0
0.8 100.0
0.9 95.0
1.0 40.0
0 100
0.1 100.0
0.2 95.0
0.3 95.0
0.4 45.0
0.5 45.0
0.6 40.0
0.7 95.0
0.8 95.0
0.9 40.0
1.0 95.0
0 95.0
0.1 40.0
0.2 95.0
0.3 45.0
0.4 95.0
0.5 45.0
0.6 50.0
0.7 100.0
0.8 45.0
0.9 95.0
1.0 100.0
0 100
0.1 45.0
0.2 95.0
0.3 150.0
0.4 50.0
0.5 50.0
0.6 95.0
0.7 100.0
0.8 95.0
0.9 150.0
1.0 45.0
0 45.0
0.1 100.0
0.2 50.0
0.3 50.0
0.4 45.0
0.5 45.0
0.6 40.0
0.7 45.0
0.8 50.0
0.9 95.0
1.0 40.0
0 150
0.1 100.0
0.2 150.0
0.3 150.0
0.4 150.0
0.5 95.0
0.6 95.0
0.7 40.0
0.8 45.0
0.9 150.0
1.0 100.0
0 45.0
0.1 45.0
0.2 100.0
0.3 95.0
0.4 100.0
0.5 95.0
0.6 95.0
0.7 95.0
0.8 95.0
0.9 150.0
1.0 150.0
0 40.0
0.1 40.0
0.2 50.0
0.3 95.0
0.4 95.0
0.5 100.0
0.6 95.0
0.7 40.0
0.8 95.0
0.9 50.0
1.0 100.0
0 45.0
0.1 45.0
0.2 40.0
0.3 95.0
0.4 100.0
0.5 40.0
0.6 100.0
0.7 100.0
0.8 95.0
0.9 95.0
1.0 100.0
0 50
0.1 45.0
0.2 40.0
0.3 150.0
0.4 45.0
0.5 50.0
0.6 100.0
0.7 40.0
0.8 100.0
0.9 45.0
1.0 100.0
0 45.0
0.1 100.0
0.2 50.0
0.3 45.0
0.4 100.0
0.5 45.0
0.6 95.0
0.7 150.0
0.8 150.0
0.9 50.0
1.0 95.0
0 100
0.1 100.0
0.2 95.0
0.3 95.0
0.4 100.0
0.5 150.0
0.6 95.0
0.7 40.0
0.8 45.0
0.9 45.0
1.0 95.0
0 95.0
0.1 45.0
0.2 100.0
0.3 45.0
0.4 100.0
0.5 95.0
0.6 45.0
0.7 95.0
0.8 45.0
0.9 45.0
1.0 45.0
0 95.0
0.1 100.0
0.2 100.0
0.3 50.0
0.4 150.0
0.5 100.0
0.6 45.0
0.7 100.0
0.8 40.0
0.9 40.0
1.0 45.0
0 45.0
0.1 40.0
0.2 45.0
0.3 45.0
0.4 100.0
0.5 45.0
0.6 100.0
0.7 40.0
0.8 45.0
0.9 100.0
1.0 40.0
0 100
0.1 40.0
0.2 150.0
0.3 40.0
0.4 95.0
0.5 95.0
0.6 100.0
0.7 100.0
0.8 40.0
0.9 100.0
1.0 95.0
0 45.0
0.1 100.0
0.2 45.0
0.3 150.0
0.4 95.0
0.5 150.0
0.6 50.0
0.7 150.0
0.8 150.0
0.9 95.0
1.0 150.0
0 100
0.1 45.0
0.2 40.0
0.3 100.0
0.4 50.0
0.5 95.0
0.6 100.0
0.7 150.0
0.8 100.0
0.9 45.0
1.0 45.0
0 40.0
0.1 45.0
0.2 150.0
0.3 95.0
0.4 45.0
0.5 95.0
0.6 40.0
0.7 95.0
0.8 150.0
0.9 95.0
1.0 150.0
0 40.0
0.1 100.0
0.2 45.0
0.3 50.0
0.4 45.0
0.5 150.0
0.6 95.0
0.7 95.0
0.8 150.0
0.9 95.0
1.0 100.0
0 95.0
0.1 45.0
0.2 150.0
0.3 100.0
0.4 45.0
0.5 100.0
0.6 50.0
0.7 100.0
0.8 100.0
0.9 45.0
1.0 95.0
0 40.0
0.1 95.0
0.2 40.0
0.3 95.0
0.4 100.0
0.5 40.0
0.6 45.0
0.7 45.0
0.8 45.0
0.9 100.0
1.0 100.0
0 100
0.1 100.0
0.2 45.0
0.3 45.0
0.4 45.0
0.5 50.0
0.6 50.0
0.7 50.0
0.8 45.0
0.9 40.0
1.0 95.0
0 100
0.1 100.0
0.2 45.0
0.3 95.0
0.4 100.0
0.5 45.0
0.6 45.0
0.7 50.0
0.8 100.0
0.9 100.0
1.0 45.0
0 50
0.1 40.0
0.2 95.0
0.3 40.0
0.4 45.0
0.5 95.0
0.6 100.0
0.7 100.0
0.8 100.0
0.9 100.0
1.0 95.0
0 45.0
0.1 95.0
0.2 45.0
0.3 40.0
0.4 100.0
0.5 100.0
0.6 45.0
0.7 50.0
0.8 100.0
0.9 40.0
1.0 100.0
0 100
0.1 50.0
0.2 95.0
0.3 40.0
0.4 45.0
0.5 40.0
0.6 50.0
0.7 45.0
0.8 100.0
0.9 45.0
1.0 50.0
0 100
0.1 150.0
0.2 40.0
0.3 150.0
0.4 40.0
0.5 95.0
0.6 50.0
0.7 45.0
0.8 100.0
0.9 150.0
1.0 100.0
0 150
0.1 40.0
0.2 40.0
0.3 45.0
0.4 100.0
0.5 50.0
0.6 95.0
0.7 150.0
0.8 50.0
0.9 100.0
1.0 100.0
0 45.0
0.1 100.0
0.2 45.0
0.3 150.0
0.4 95.0
0.5 45.0
0.6 100.0
0.7 40.0
0.8 45.0
0.9 50.0
1.0 50.0
0 95.0
0.1 100.0
0.2 45.0
0.3 95.0
0.4 45.0
0.5 40.0
0.6 100.0
0.7 45.0
0.8 40.0
0.9 95.0
1.0 45.0
0 45.0
0.1 45.0
0.2 95.0
0.3 45.0
0.4 100.0
0.5 45.0
0.6 45.0
0.7 95.0
0.8 45.0
0.9 95.0
1.0 100.0
0 40.0
0.1 50.0
0.2 95.0
0.3 45.0
0.4 100.0
0.5 150.0
0.6 95.0
0.7 100.0
0.8 100.0
0.9 95.0
1.0 150.0
0 50
0.1 50.0
0.2 40.0
0.3 100.0
0.4 50.0
0.5 45.0
0.6 150.0
0.7 50.0
0.8 50.0
0.9 100.0
1.0 100.0
0 45.0
0.1 100.0
0.2 100.0
0.3 95.0
0.4 50.0
0.5 50.0
0.6 45.0
0.7 95.0
0.8 40.0
0.9 50.0
1.0 150.0
0 50
0.1 100.0
0.2 100.0
0.3 150.0
0.4 50.0
0.5 45.0
0.6 95.0
0.7 100.0
0.8 100.0
0.9 40.0
1.0 95.0
0 95.0
0.1 40.0
0.2 100.0
0.3 100.0
0.4 100.0
0.5 50.0
0.6 40.0
0.7 45.0
0.8 100.0
0.9 95.0
1.0 150.0
0 40.0
0.1 50.0
0.2 45.0
0.3 40.0
0.4 100.0
0.5 100.0
0.6 45.0
0.7 100.0
0.8 100.0
0.9 45.0
1.0 150.0
0 50
0.1 95.0
0.2 40.0
0.3 95.0
0.4 50.0
0.5 150.0
0.6 100.0
0.7 95.0
0.8 50.0
0.9 45.0
1.0 45.0
0 100
0.1 50.0
0.2 95.0
0.3 100.0
0.4 95.0
0.5 40.0
0.6 45.0
0.7 40.0
0.8 95.0
0.9 50.0
1.0 95.0
0 150
0.1 100.0
0.2 40.0
0.3 45.0
0.4 100.0
0.5 45.0
0.6 40.0
0.7 95.0
0.8 95.0
0.9 150.0
1.0 40.0
0 40.0
0.1 40.0
0.2 100.0
0.3 100.0
0.4 50.0
0.5 100.0
0.6 100.0
0.7 40.0
0.8 40.0
0.9 45.0
1.0 100.0
0 95.0
0.1 150.0
0.2 100.0
0.3 40.0
0.4 45.0
0.5 45.0
0.6 95.0
0.7 150.0
0.8 50.0
0.9 100.0
1.0 150.0
0 100
0.1 95.0
0.2 100.0
0.3 95.0
0.4 45.0
0.5 100.0
0.6 95.0
0.7 95.0
0.8 40.0
0.9 100.0
1.0 95.0
0 150
0.1 95.0
0.2 50.0
0.3 40.0
0.4 45.0
0.5 45.0
0.6 150.0
0.7 150.0
0.8 45.0
0.9 100.0
1.0 100.0
0 150
0.1 45.0
0.2 95.0
0.3 100.0
0.4 45.0
0.5 95.0
0.6 95.0
0.7 50.0
0.8 95.0
0.9 45.0
1.0 40.0
0 45.0
0.1 45.0
0.2 95.0
0.3 40.0
0.4 40.0
0.5 45.0
0.6 45.0
0.7 95.0
0.8 100.0
0.9 45.0
1.0 100.0
0 40.0
0.1 95.0
0.2 45.0
0.3 45.0
0.4 95.0
0.5 50.0
0.6 45.0
0.7 100.0
0.8 95.0
0.9 95.0
1.0 100.0
0 100
0.1 45.0
0.2 150.0
0.3 50.0
0.4 45.0
0.5 45.0
0.6 95.0
0.7 95.0
0.8 40.0
0.9 150.0
1.0 100.0
0 150
0.1 100.0
0.2 50.0
0.3 50.0
0.4 95.0
0.5 50.0
0.6 100.0
0.7 150.0
0.8 45.0
0.9 95.0
1.0 95.0
0 100
0.1 45.0
0.2 100.0
0.3 100.0
0.4 45.0
0.5 45.0
0.6 45.0
0.7 100.0
0.8 40.0
0.9 50.0
1.0 100.0
0 95.0
0.1 100.0
0.2 100.0
0.3 45.0
0.4 50.0
0.5 45.0
0.6 50.0
0.7 150.0
0.8 100.0
0.9 100.0
1.0 95.0
0 50
0.1 50.0
0.2 95.0
0.3 45.0
0.4 50.0
0.5 100.0
0.6 95.0
0.7 40.0
0.8 95.0
0.9 95.0
1.0 100.0
0 100
0.1 95.0
0.2 95.0
0.3 45.0
0.4 100.0
0.5 45.0
0.6 95.0
0.7 40.0
0.8 95.0
0.9 50.0
1.0 100.0
0 45.0
0.1 95.0
0.2 100.0
0.3 50.0
0.4 150.0
0.5 45.0
0.6 95.0
0.7 100.0
0.8 100.0
0.9 150.0
1.0 100.0
0 100
0.1 95.0
0.2 40.0
0.3 95.0
0.4 150.0
0.5 45.0
0.6 45.0
0.7 150.0
0.8 100.0
0.9 40.0
1.0 100.0
0 95.0
0.1 50.0
0.2 45.0
0.3 100.0
0.4 95.0
0.5 100.0
0.6 100.0
0.7 45.0
0.8 150.0
0.9 100.0
1.0 150.0
0 45.0
0.1 50.0
0.2 100.0
0.3 50.0
0.4 100.0
0.5 50.0
0.6 100.0
0.7 100.0
0.8 50.0
0.9 50.0
1.0 150.0
